Date,DE
2015-01-05,-0.021394826711777948
2015-01-06,-0.0083282287242753
2015-01-07,-0.004316253339100906
2015-01-08,0.013238625682989946
2015-01-09,-0.00971228338929564
2015-01-12,-0.002335332696453696
2015-01-13,0.005149219349112277
2015-01-14,0.006869312438160247
2015-01-15,0.008325764730655827
2015-01-16,0.0011468580399534023
2015-01-20,-0.0019476468229110422
2015-01-21,0.0057386872283842205
2015-01-22,0.021453810224824732
2015-01-23,-0.01295948737506325
2015-01-26,0.0009055859410023182
2015-01-27,-0.02702675113377062
2015-01-28,-0.016969206712657003
2015-01-29,0.015725043061125543
2015-01-30,-0.008381110207610676
2015-02-02,0.017020561127618183
2015-02-03,0.02296879576565214
2015-02-04,0.0005643330300693084
2015-02-05,0.004961667771844702
2015-02-06,-0.0015710308525653804
2015-02-09,-0.0003371643987520878
2015-02-10,-0.00224848626122387
2015-02-11,0.0007884790108070305
2015-02-12,0.006192518762827781
2015-02-13,0.007496973660410022
2015-02-17,-0.0013328827986917036
2015-02-18,0.03147257167161244
2015-02-19,-0.011212939183217085
2015-02-20,0.007850765450887032
2015-02-23,-0.015687149528542443
2015-02-24,0.005715236831517201
2015-02-25,0.0013117155628861177
2015-02-26,-0.004802552353139089
2015-02-27,-0.006361467233912954
2015-03-02,0.004746312620185433
2015-03-03,0.00263647062037764
2015-03-04,-0.008983825642107313
2015-03-05,0.00011018814676977406
2015-03-06,-0.002210953450128006
2015-03-09,0.01949935998159802
2015-03-10,-0.011193382188806611
2015-03-11,-0.00835244277594227
2015-03-12,-0.0005542238462032945
2015-03-13,-0.007651386297308771
2015-03-16,-0.00391103021272643
2015-03-17,-0.005721403368237565
2015-03-18,0.00778509366785074
2015-03-19,-0.013882497948310424
2015-03-20,0.012488458544724024
2015-03-23,0.0023547549099656173
2015-03-24,-0.0102917362436028
2015-03-25,-0.001921785676022858
2015-03-26,-0.0032839040403181974
2015-03-27,0.0005719715519247881
2015-03-30,0.013148557719262488
2015-03-31,-0.010382478005516949
2015-04-01,-0.0010259486556202235
2015-04-02,0.004337763660180238
2015-04-06,0.005683074837342428
2015-04-07,-0.00045214710941721137
2015-04-08,-0.006671178114828424
2015-04-09,0.006829698859682765
2015-04-10,0.007009572471000647
2015-04-13,-0.012012895073921115
2015-04-14,-0.0009093307712252363
2015-04-15,0.01615122760047294
2015-04-16,-0.0044769234156304405
2015-04-17,-0.016078930951360926
2015-04-20,0.01588431960911585
2015-04-21,-0.011023880529434371
2015-04-22,0.0020476743199955294
2015-04-23,0.005561627955033455
2015-04-24,-0.002257412569409478
2015-04-27,0.006108804028403414
2015-04-28,-0.00044934503948490523
2015-04-29,0.011024708929097127
2015-04-30,0.0072326063198218105
2015-05-01,0.009611184585397892
2015-05-04,-0.0054707255470800575
2015-05-05,-0.008251782122031148
2015-05-06,-0.0018864144464819654
2015-05-07,-0.0037788409513979104
2015-05-08,0.002900891201626843
2015-05-11,0.013905801640688109
2015-05-12,-0.008009323064043894
2015-05-13,0.0025436631136872556
2015-05-14,0.017321515228100548
2015-05-15,-0.03340204475426156
2015-05-18,0.0005607285550324193
2015-05-19,-0.00011222648001230073
2015-05-20,-0.0021307983306950717
2015-05-21,0.005394455969917278
2015-05-22,0.043483471813882124
2015-05-26,0.0048203815693588226
2015-05-27,0.005970164684007795
2015-05-28,-0.009113988996316214
2015-05-29,0.0019251769923149809
2015-06-01,-0.0111013292435036
2015-06-02,0.0011872976629205834
2015-06-03,-0.00010839996133504837
2015-06-04,-0.009380720530485442
2015-06-05,0.0028302602640499774
2015-06-08,-0.005644346398946287
2015-06-09,0.002619593867082548
2015-06-10,0.0118675322445283
2015-06-11,0.002905164881936928
2015-06-12,-0.006973830322372088
2015-06-15,-0.001080294868115117
2015-06-16,-0.0036772716020041507
2015-06-17,0.0014110910825577694
2015-06-18,0.0037940355753560695
2015-06-19,-0.0004319313019784943
2015-06-22,0.010695907570247742
2015-06-23,0.0013896189305020457
2015-06-24,0.003415613325540301
2015-06-25,0.0
2015-06-26,0.03254867561698971
2015-06-29,-0.015346791336666055
2015-06-30,0.022009590080167563
2015-07-01,-0.008861098815217017
2015-07-02,0.0016628318339875214
2015-07-06,-0.008095348252717294
2015-07-07,0.007429137708124145
2015-07-08,-0.013710264831103602
2015-07-09,-0.004422862573454367
2015-07-10,0.0066640552346712845
2015-07-13,0.011558078892747403
2015-07-14,0.00135033018929831
2015-07-15,0.0012450679129667463
2015-07-16,0.008392062419336987
2015-07-17,-0.0036986718571165866
2015-07-20,-0.007734336581064816
2015-07-21,-0.007379138850433842
2015-07-22,-0.007224518650943534
2015-07-23,-0.016451564135264274
2015-07-24,-0.009007451252809884
2015-07-27,-0.012659527634146017
2015-07-28,0.013369637590984862
2015-07-29,0.012544846733459236
2015-07-30,-0.0012821934235428545
2015-07-31,0.01133603010602302
2015-08-03,-0.012160354857480904
2015-08-04,-0.00331821477281824
2015-08-05,0.025883542607319177
2015-08-06,0.0008371526380395178
2015-08-07,0.0026152805790529143
2015-08-10,0.013458243464556707
2015-08-11,-0.00926462777355852
2015-08-12,-0.02701614723702017
2015-08-13,-0.005766781142860555
2015-08-14,0.01331916553863266
2015-08-17,-0.0016959223959169822
2015-08-18,-0.0028670505100849564
2015-08-19,-0.02055111756066652
2015-08-20,-0.014459914766581483
2015-08-21,-0.08119170710125978
2015-08-24,-0.030255704560210317
2015-08-25,-0.020799444132703182
2015-08-26,0.02705809918422064
2015-08-27,0.014280031131853166
2015-08-28,0.0009711165103707398
2015-08-31,-0.00836684450624714
2015-09-01,-0.021765678854894
2015-09-02,0.009749833766396598
2015-09-03,0.0025997349964974603
2015-09-04,-0.021854416574689117
2015-09-08,0.011108127769630993
2015-09-09,-0.0066163042841766995
2015-09-10,0.00628349634880232
2015-09-11,-0.010241050504344096
2015-09-14,0.005425905789620877
2015-09-15,0.021712100565102643
2015-09-16,-0.0007371605985091456
2015-09-17,-0.011309381740687408
2015-09-18,-0.011065110397944333
2015-09-21,-0.004777911894335518
2015-09-22,-0.004042621552518222
2015-09-23,-0.01458645331803421
2015-09-24,-0.02484204213044483
2015-09-25,0.0006597937649548413
2015-09-28,-0.019279318156651737
2015-09-29,-0.001897633777465546
2015-09-30,0.00516144047748468
2015-10-01,-0.015000216007107658
2015-10-02,0.009329292007254297
2015-10-05,0.06306911466516696
2015-10-06,0.0029411059305479714
2015-10-07,0.005736658429230879
2015-10-08,0.025604958760255148
2015-10-09,-0.012853454391642427
2015-10-12,-0.01802913602683809
2015-10-13,-0.019125246378458027
2015-10-14,-0.008449762468387578
2015-10-15,-0.0006551933352343386
2015-10-16,-0.003017024664528578
2015-10-19,-0.0003945404149995335
2015-10-20,0.005528238757807502
2015-10-21,0.00340346742853348
2015-10-22,0.03522482167696528
2015-10-23,0.011468575974542539
2015-10-26,-0.034263821934419125
2015-10-27,-0.017933169493262735
2015-10-28,0.03717808860548355
2015-10-29,-0.008993053516955452
2015-10-30,-0.003067342176588883
2015-11-02,0.028076828849677327
2015-11-03,-0.008105578089793397
2015-11-04,-0.016344197643738068
2015-11-05,-0.003962118116648261
2015-11-06,-0.005389432902005886
2015-11-09,-0.016384821489134227
2015-11-10,0.00039294357557362325
2015-11-11,-0.015995401457316594
2015-11-12,-0.023717459178221434
2015-11-13,0.018833939368726682
2015-11-16,0.0008040157903845824
2015-11-17,-0.012180127703881882
2015-11-18,0.009755703255253323
2015-11-19,0.0056365360613601645
2015-11-20,0.0072051268922190825
2015-11-23,-0.011525939501974891
2015-11-24,0.0231870504827556
2015-11-25,0.04794367544867373
2015-11-27,-0.01137494097392211
2015-11-30,0.006069094889940008
2015-12-01,-0.001005734978746231
2015-12-02,-0.002012927754238336
2015-12-03,-0.012983044593243842
2015-12-04,0.0164747266132661
2015-12-07,-0.006156624779123043
2015-12-08,0.001896530711199551
2015-12-09,-0.0001266512166595568
2015-12-10,-0.008076659526032315
2015-12-11,-0.01832022251917864
2015-12-14,0.02306876790596535
2015-12-15,-0.02140837469470913
2015-12-16,0.012167910439920604
2015-12-17,-0.016370581647611293
2015-12-18,-0.025224159051061124
2015-12-21,0.009870618899803896
2015-12-22,0.024831674997850106
2015-12-23,0.021007720160203025
2015-12-24,-0.005427803980245338
2015-12-28,-0.010407349148777278
2015-12-29,0.0034899476345928715
2015-12-30,-0.001803334636138687
2015-12-31,-0.015871479982167314
2016-01-04,-0.0024906582715479297
2016-01-05,0.005783232296143748
2016-01-06,-0.011239052142278716
2016-01-07,-0.00885488303031512
2016-01-08,-0.01640259398072752
2016-01-11,0.005287979635457907
2016-01-12,0.0049892902595216615
2016-01-13,-0.017444871297061182
2016-01-14,0.005190096060133431
2016-01-15,-0.006521951904541079
2016-01-19,-0.009026508730096139
2016-01-20,-0.0063480513475623335
2016-01-21,0.014305323242213452
2016-01-22,0.021635194771219446
2016-01-25,-0.037930749316690715
2016-01-26,0.02493747896226295
2016-01-27,0.0008154397384072531
2016-01-28,0.01602606211568136
2016-01-29,0.02940801430830864
2016-02-01,-0.0027272475855085743
2016-02-02,-0.028905793754477216
2016-02-03,0.011128664622038986
2016-02-04,0.043628137212682105
2016-02-05,-0.00355775175195594
2016-02-08,-0.017214956449104313
2016-02-09,0.013104517297633178
2016-02-10,-0.008580094327859
2016-02-11,-0.012918637277514411
2016-02-12,0.024342124371215412
2016-02-16,0.01967565253758452
2016-02-17,0.02029849842576903
2016-02-18,-0.013508834106712553
2016-02-19,-0.04145364875413138
2016-02-22,0.01818160687908721
2016-02-23,-0.016071313614902993
2016-02-24,0.024111994583930763
2016-02-25,0.007595269936111038
2016-02-26,-0.001633806541027072
2016-02-29,0.008934373573090681
2016-03-01,0.010850460960438735
2016-03-02,0.009747485096952557
2016-03-03,0.022360412937826313
2016-03-04,0.014461298889089758
2016-03-07,0.009425206819506204
2016-03-08,-0.021358692365626042
2016-03-09,-0.00965976677735203
2016-03-10,-0.007948089080238363
2016-03-11,0.00691930790844153
2016-03-14,-0.01326107941587562
2016-03-15,-0.014660954093583145
2016-03-16,0.009423678864156626
2016-03-17,0.020268007234122143
2016-03-18,-0.0051773206743326305
2016-03-21,0.0010891539135735595
2016-03-22,-0.005560682098221137
2016-03-23,-0.01726235984660418
2016-03-24,-0.007422503070432018
2016-03-28,-0.0008720049712870326
2016-03-29,0.011687742420279923
2016-03-30,-0.004720539848373395
2016-03-31,-0.03906672547891277
2016-04-01,-0.006364508079014453
2016-04-04,-0.00784294921733053
2016-04-05,0.0022398501414928607
2016-04-06,0.003549293959159927
2016-04-07,-0.0020958206794698953
2016-04-08,0.0017063869541378285
2016-04-11,-0.007338256386333897
2016-04-12,0.011220839009217443
2016-04-13,0.024282292462125765
2016-04-14,-0.010196293911542531
2016-04-15,-0.0028328569780060597
2016-04-18,0.011363504729240637
2016-04-19,0.051583260490997374
2016-04-20,0.023069448937776293
2016-04-21,-0.01732753601984538
2016-04-22,0.0
2016-04-25,-0.004709876216111963
2016-04-26,0.01225590415826483
2016-04-27,0.015463545430812298
2016-04-28,-0.009207989400253913
2016-04-29,0.00214481524143717
2016-05-02,0.0021399080657902303
2016-05-03,-0.010558467184065279
2016-05-04,-0.014627967022697863
2016-05-05,-0.011925444330688317
2016-05-06,0.0030784059405009057
2016-05-09,-0.01068094369163508
2016-05-10,0.040084483060401244
2016-05-11,0.0010737307097792304
2016-05-12,0.002979762639484518
2016-05-13,-0.019964245222300003
2016-05-16,0.014065543424904403
2016-05-17,-0.005141891612034377
2016-05-18,-0.007211472255249873
2016-05-19,-0.004237302715478064
2016-05-20,-0.054832655246472295
2016-05-23,0.0018007892076949972
2016-05-24,0.022598955750131378
2016-05-25,0.010672983929967073
2016-05-26,-0.0027332552529369947
2016-05-27,0.0028655571493758636
2016-05-31,0.022235579707890363
2016-06-01,0.00656235712537212
2016-06-02,0.014849799756956772
2016-06-03,0.017963516988125594
2016-06-06,0.022320806267611903
2016-06-07,-0.00194335388909872
2016-06-08,-0.001488963845146185
2016-06-09,-0.0026382253960980373
2016-06-10,-0.014721046706503427
2016-06-13,-0.004085871836678745
2016-06-14,-0.0019920331167178063
2016-06-15,-0.003757954674652342
2016-06-16,0.0034181396031578437
2016-06-17,0.010338542881287882
2016-06-20,-0.004767097556489408
2016-06-21,-0.017526071241191987
2016-06-22,-0.002021487827292945
2016-06-23,0.0044088884749551305
2016-06-24,-0.03048966428662203
2016-06-27,-0.013950093370874384
2016-06-28,0.01750470758729472
2016-06-29,0.0015969407027167648
2016-06-30,-0.005765863668775184
2016-07-01,-0.00172775938119607
2016-07-05,-0.021384124656694148
2016-07-06,0.003788677216615577
2016-07-07,-0.0012578299610016552
2016-07-08,0.020158844560045353
2016-07-11,0.0002468183890260711
2016-07-12,0.017656385141084918
2016-07-13,0.006551885314197703
2016-07-14,0.008196479171523663
2016-07-15,-0.0027497533664426754
2016-07-18,0.004915410819082533
2016-07-19,-0.006680774520546939
2016-07-20,-0.005404960709531337
2016-07-21,-0.007124524769979268
2016-07-22,-0.025541339236967775
2016-07-25,-0.027458973283506105
2016-07-26,0.013732239321871065
2016-07-27,-0.006836500531344658
2016-07-28,-0.003568928699973939
2016-07-29,-0.005884449879664189
2016-08-01,-0.0002577398529113317
2016-08-02,0.00012856273668648832
2016-08-03,0.007851076095158671
2016-08-04,-0.0072789494717526715
2016-08-05,0.007717874602114483
2016-08-08,0.007403660588192196
2016-08-09,-0.00037967714150366483
2016-08-10,-0.009380212905567453
2016-08-11,-0.00204726429246882
2016-08-12,-0.012693780793439302
2016-08-15,0.016622718600793673
2016-08-16,-0.0016602956121257728
2016-08-17,-0.009213535339702705
2016-08-18,-0.00632801503485636
2016-08-19,0.13491049575021807
2016-08-22,0.007329580020849713
2016-08-23,0.0014773787466524357
2016-08-24,-0.007605867892753637
2016-08-25,-0.0014866063244197703
2016-08-26,-0.006301578985001166
2016-08-29,0.0021909856965973695
2016-08-30,-0.013919428778015108
2016-08-31,-0.013649116910774528
2016-09-01,-0.01182704260020817
2016-09-02,0.005984878164226659
2016-09-06,0.004996604356387824
2016-09-07,-0.005327536857458792
2016-09-08,-0.005236565071841337
2016-09-09,-0.016152377866495926
2016-09-12,0.010458395571010914
2016-09-13,-0.02407035224395937
2016-09-14,-0.006412241823367082
2016-09-15,0.012907795117378162
2016-09-16,0.00416603339545607
2016-09-19,0.0019525488987046646
2016-09-20,0.004384378484261431
2016-09-21,0.0070328919955677804
2016-09-22,0.01336569422986389
2016-09-23,-0.009743838505895885
2016-09-26,0.0028801333315140454
2016-09-27,-0.006341342967803754
2016-09-28,0.019890699709739
2016-09-29,-0.002734949296550382
2016-09-30,0.017767480168951133
2016-10-03,0.0
2016-10-04,-0.007615827048506385
2016-10-05,0.004959123448013525
2016-10-06,0.0019968303236075347
2016-10-07,0.011841871008025917
2016-10-10,0.01378923159706713
2016-10-11,-0.005029154591860707
2016-10-12,-0.0012633672265489615
2016-10-13,-0.006901741909421166
2016-10-14,0.0006953660240511805
2016-10-17,0.0008100550963070496
2016-10-18,0.0016191025149883131
2016-10-19,-0.0005775976585670195
2016-10-20,-0.005198653326654812
2016-10-21,0.003716525279069627
2016-10-24,0.003123760834282896
2016-10-25,-0.0020764260034754622
2016-10-26,0.006010697080430338
2016-10-27,-0.00045991592407101933
2016-10-28,0.001953982819356659
2016-10-31,0.012963665392053514
2016-11-01,-0.0023787657100130533
2016-11-02,0.0007950112793839725
2016-11-03,0.001588163841168555
2016-11-04,-0.002718235399879476
2016-11-07,0.010674189743208995
2016-11-08,-0.00011220107534060109
2016-11-09,0.012585731339044504
2016-11-10,0.006547543602780648
2016-11-11,0.004410097796215151
2016-11-14,0.00570812742159732
2016-11-15,-0.004038454006787928
2016-11-16,0.0
2016-11-17,0.005698551926166084
2016-11-18,0.0020705246778771613
2016-11-21,0.0036969927743710773
2016-11-22,-0.0031416690490176924
2016-11-23,0.11042252519030415
2016-11-25,0.017128655207702792
2016-11-28,-0.02136285053828424
2016-11-29,-0.013274200345410936
2016-11-30,-0.001494752797592258
2016-12-01,0.02495001515856754
2016-12-02,-0.011684312312376766
2016-12-05,-0.0020691506937005055
2016-12-06,0.012143242567189017
2016-12-07,0.003316784836676856
2016-12-08,0.010305194254902617
2016-12-09,-0.0028868899035406903
2016-12-12,-0.011580992664960266
2016-12-13,-0.010642224067771489
2016-12-14,-0.007697644697262973
2016-12-15,0.00845341742331307
2016-12-16,0.003550466231731164
2016-12-19,0.004815080474954492
2016-12-20,0.013594042594130329
2016-12-21,-0.0053067768459929
2016-12-22,0.0
2016-12-23,0.00029110672767251877
2016-12-27,0.007564110985898376
2016-12-28,0.0010646292004903302
2016-12-29,-0.00193388328779176
2016-12-30,-0.001647192425511479
2017-01-03,0.00980192549192238
2017-01-04,0.017011054588879526
2017-01-05,-0.0044412021135488144
2017-01-06,0.010821042713277329
2017-01-09,-0.012207773106668762
2017-01-10,-0.002852274892097717
2017-01-11,0.007817849417800948
2017-01-12,-0.005108280667916354
2017-01-13,0.005895100601515102
2017-01-17,-0.01370648004231656
2017-01-18,0.008625951391084463
2017-01-19,-0.00209050366139929
2017-01-20,0.016377852469826815
2017-01-23,0.0035600974314995426
2017-01-24,0.00513421113511181
2017-01-25,0.003622123171906688
2017-01-26,-0.0039792965137149805
2017-01-27,0.0033449588337635117
2017-01-30,-0.008611899295247194
2017-01-31,-9.32228151258041e-05
2017-02-01,0.0009338594397265698
2017-02-02,0.002613162677192804
2017-02-03,0.005212784707026685
2017-02-06,0.0006480679830807023
2017-02-07,0.006478093094183679
2017-02-08,-0.0032182787608963093
2017-02-09,0.006549400987334364
2017-02-10,0.01026402163660256
2017-02-13,0.004626058008805112
2017-02-14,-0.006320667929663681
2017-02-15,-0.008450459451283532
2017-02-16,0.0004580322745297849
2017-02-17,0.010076161623165936
2017-02-21,-0.005985355680891757
2017-02-22,0.0003650100623859842
2017-02-23,-0.01751051917504176
2017-02-24,0.008261628521203601
2017-02-27,0.008193773072123323
2017-02-28,-0.00018298949371742257
2017-03-01,0.01580077244759437
2017-03-02,-0.01510505993533695
2017-03-03,0.011776434262964042
2017-03-06,8.989471875975319e-05
2017-03-07,-0.00541274570551864
2017-03-08,0.0020861422848490463
2017-03-09,-0.008056398094858253
2017-03-10,0.003102799499359321
2017-03-13,-0.0003639014510223859
2017-03-14,-0.006097746394820858
2017-03-15,0.014467599324417213
2017-03-16,-0.000541369488092025
2017-03-17,-0.0025288333442954336
2017-03-20,0.0038928738837746835
2017-03-21,-0.011453547648315188
2017-03-22,0.0014595639423722329
2017-03-23,-0.002186075811599908
2017-03-24,-0.005021480854238813
2017-03-27,-0.016700451083443424
2017-03-28,0.010918490563034844
2017-03-29,0.004176769898212029
2017-03-30,0.00915171336763021
2017-03-31,-0.0028399937382219687
2017-04-03,-0.0007347940982774803
2017-04-04,0.006619043872752695
2017-04-05,-0.0022829285716543524
2017-04-06,0.010892346115245921
2017-04-07,-0.010141195732160657
2017-04-10,0.0028357011008772748
2017-04-11,0.013955847107022246
2017-04-12,-0.0162827177568583
2017-04-13,-0.012345863654945388
2017-04-17,0.007407572992284006
2017-04-18,-0.0030330541342422634
2017-04-19,-0.0023049255428397863
2017-04-20,0.0053595604695053645
2017-04-21,-0.011580896753599745
2017-04-24,0.025199847471642833
2017-04-25,0.02630406812383268
2017-04-26,-0.005302697868657891
2017-04-27,-0.01217252313879591
2017-04-28,0.003867452635943902
2017-05-01,0.0032256438882944938
2017-05-02,-0.009288393449514931
2017-05-03,-0.0012618163650000014
2017-05-04,0.011192071130264214
2017-05-05,0.00964057659011508
2017-05-08,-0.004155360305396094
2017-05-09,0.008345091464522447
2017-05-10,-0.00026398264251270565
2017-05-11,-0.0007045968275005698
2017-05-12,-0.003172540057493456
2017-05-15,0.0061001946976448895
2017-05-16,0.008787275528657323
2017-05-17,-0.013675963696891835
2017-05-18,-0.004945658586628099
2017-05-19,0.073045151182348
2017-05-22,0.006699709894194772
2017-05-23,0.0034510912802658833
2017-05-24,0.005321757266057547
2017-05-25,-0.002850506354967308
2017-05-26,0.0029404297750197372
2017-05-30,-0.004316072730399134
2017-05-31,0.0016357173690451088
2017-06-01,0.01829158681974663
2017-06-02,0.0016842061144641818
2017-06-05,0.0033624022918952168
2017-06-06,-0.0022340896198719262
2017-06-07,0.0019189844246167986
2017-06-08,0.005667123830540577
2017-06-09,-0.00039701450040352526
2017-06-12,0.00039717218351942307
2017-06-13,0.003333314790881392
2017-06-14,7.933075778732146e-05
2017-06-15,-0.0004745779462793642
2017-06-16,0.012107004252207787
2017-06-19,-0.0071149961033785125
2017-06-20,-0.007480790548222038
2017-06-21,-0.009996633896531493
2017-06-22,-0.0073730630808434006
2017-06-23,-0.002099222202125217
2017-06-26,-0.002022637493808599
2017-06-27,-0.010944701673118895
2017-06-28,0.017051166621438574
2017-06-29,-0.012634489457346021
2017-06-30,0.013780683650004955
2017-07-03,0.011003841635976785
2017-07-05,0.0052022572080698826
2017-07-06,-0.0040604819790532876
2017-07-07,0.01239101417776789
2017-07-10,0.011844726826967467
2017-07-11,-0.0006243247149733122
2017-07-12,-0.03576453223248344
2017-07-13,0.007612434838321969
2017-07-14,0.008439235552418323
2017-07-17,0.0032677962342348987
2017-07-18,0.0016683526901690726
2017-07-19,0.001744652835050653
2017-07-20,-0.005621116807798421
2017-07-21,0.0011943077978200378
2017-07-24,0.006361906402668982
2017-07-25,0.010667398424837549
2017-07-26,-0.0006251598075698306
2017-07-27,0.004850478115958845
2017-07-28,0.0036592987948462774
2017-07-31,-0.0048872818522456285
2017-08-01,0.005768718953331531
2017-08-02,-0.00031006661360077903
2017-08-03,0.004109356481651227
2017-08-04,0.001853227617226949
2017-08-07,0.0016183920799859308
2017-08-08,0.015851073676508065
2017-08-09,0.002953962252731035
2017-08-10,-0.034967077717500294
2017-08-11,-0.008452162990646106
2017-08-14,0.01475931025854127
2017-08-15,-0.010811220968982904
2017-08-16,-0.004324454389101451
2017-08-17,-0.020927065748766127
2017-08-18,-0.05379915233154664
2017-08-21,-0.006734403392150479
2017-08-22,0.008239252004943687
2017-08-23,-0.008767582329387902
2017-08-24,-0.008673438603589712
2017-08-25,0.00346497152031211
2017-08-28,0.0010359615502688602
2017-08-29,-0.0006035431876064701
2017-08-30,-0.0034513680091352583
2017-08-31,0.0038098620852291543
2017-09-01,0.0018110232886914268
2017-09-05,-0.0052521337048031524
2017-09-06,0.005972631698667907
2017-09-07,0.000946334821454009
2017-09-08,0.008338348096351478
2017-09-11,0.00537093725927229
2017-09-12,-0.005681250245967218
2017-09-13,0.0009378681446388093
2017-09-14,0.008520279415336729
2017-09-15,0.005406404146932164
2017-09-18,0.00739471796970359
2017-09-19,0.02660756874123482
2017-09-20,0.007068545894233225
2017-09-21,0.006696182796509298
2017-09-22,-0.008254517367781933
2017-09-25,0.0001617747039888151
2017-09-26,-0.003958908497217695
2017-09-27,0.00032422409374754935
2017-09-28,0.007659877530215908
2017-09-29,0.015607274146380412
2017-10-02,0.01353599909175518
2017-10-03,0.006363614394034878
2017-10-04,0.0017954122371113268
2017-10-05,-0.002493688325082344
2017-10-06,0.0009377302656945474
2017-10-09,0.003980265725102461
2017-10-10,-0.0030317480607037206
2017-10-11,-0.003742898841445852
2017-10-12,0.005713603583333615
2017-10-13,-0.004591352674619298
2017-10-16,-0.0014857045319682793
2017-10-17,0.007594955392065339
2017-10-18,0.0002327110349509276
2017-10-19,-0.0015533092830233297
2017-10-20,0.004901796391934887
2017-10-23,0.0034069102091065506
2017-10-24,0.011034499722223368
2017-10-25,-0.0035104057803060362
2017-10-26,0.012101505926678913
2017-10-27,0.008400225325399857
2017-10-30,-0.007129474731034646
2017-10-31,0.004383894067885974
2017-11-01,0.01046086202950769
2017-11-02,0.0012659353933250905
2017-11-03,0.004388619189195309
2017-11-06,0.0020734168779332762
2017-11-07,0.0029563295462669004
2017-11-08,-0.007884321942693506
2017-11-09,-0.02495580733832381
2017-11-10,0.00723652713273415
2017-11-13,-0.002419750702366663
2017-11-14,0.0073532516404977155
2017-11-15,-0.004590390539150002
2017-11-16,0.017690687100065272
2017-11-17,0.008617965629477364
2017-11-20,0.008470048265396768
2017-11-21,0.01687103884893637
2017-11-22,0.043237904265841065
2017-11-24,0.0017212898028355905
2017-11-27,0.022473766844400833
2017-11-28,0.004100556420981505
2017-11-29,-0.006292236870876655
2017-11-30,0.009565831082734011
2017-12-01,0.0005338136894164069
2017-12-04,0.006869012944133113
2017-12-05,-0.001986856980238483
2017-12-06,-0.008097350648688884
2017-12-07,0.01110748372521142
2017-12-08,0.003110496983179667
2017-12-11,-0.0016491823788588045
2017-12-12,-0.0017179285835458025
2017-12-13,0.005824804157168018
2017-12-14,-0.016518659564190408
2017-12-15,0.009569254533913885
2017-12-18,0.02101093194116932
2017-12-19,0.0028568628177396693
2017-12-20,-0.0007122088347176758
2017-12-21,0.009652312054344137
2017-12-22,0.01071421974205733
2017-12-26,0.0077448448295012184
2017-12-27,-0.0010707765024201565
2017-12-28,-0.001772095429900089
2017-12-29,-0.007546561923314488
2018-01-02,0.009584126092764489
2018-01-03,0.004557002344734107
2018-01-04,0.005732903549310553
2018-01-05,0.004259474494058502
2018-01-08,0.004927845795006158
2018-01-09,0.027869228385760003
2018-01-10,-0.003985655763056206
2018-01-11,0.015278450002297772
2018-01-12,0.01098786377157257
2018-01-16,-0.010395897426795808
2018-01-17,-0.0006569577141173344
2018-01-18,0.0028071871332326914
2018-01-19,0.014413747521480502
2018-01-22,0.00035223649121940426
2018-01-23,-0.010095226681667735
2018-01-24,0.005573630901370974
2018-01-25,-0.0027712681999741973
2018-01-26,0.013953495414649852
2018-01-29,-0.013470079636380361
2018-01-30,-0.003960653019326799
2018-01-31,-0.012402346490643756
2018-02-01,0.008592489701538142
2018-02-02,-0.017217489002014252
2018-02-05,-0.0481331666649073
2018-02-06,0.030951849477141025
2018-02-07,-0.002718128407284137
2018-02-08,-0.048191652410465635
2018-02-09,0.008264954063774699
2018-02-12,0.027625399168532683
2018-02-13,0.013127666346111733
2018-02-14,0.012275191211439385
2018-02-15,0.02161902062266896
2018-02-16,0.015766496719001877
2018-02-20,-0.027561325758430733
2018-02-21,-0.016264874109511718
2018-02-22,0.012770335039604674
2018-02-23,0.012670981604056442
2018-02-26,0.007338708418538564
2018-02-27,-0.023169765793352837
2018-02-28,-0.016566881995602967
2018-03-01,-0.025237590379858066
2018-03-02,-0.02232038308867701
2018-03-05,0.02759147305675147
2018-03-06,0.006156909845496328
2018-03-07,-0.003848566884897875
2018-03-08,0.020013162841344245
2018-03-09,0.04265443837411187
2018-03-12,-0.02322377538770848
2018-03-13,-0.016521540107793387
2018-03-14,-0.006880560392884649
2018-03-15,-0.003807303227703951
2018-03-16,0.026817054831755227
2018-03-19,-0.026544016863358277
2018-03-20,0.0028835945994538648
2018-03-21,-0.012125574300368647
2018-03-22,-0.04093651519613062
2018-03-23,-0.02361784798518507
2018-03-26,0.03608086341859962
2018-03-27,-0.007695228170262358
2018-03-28,-0.0005276826373226129
2018-03-29,0.025349772913803692
2018-04-02,-0.022534004155835397
2018-04-03,0.008035421761914519
2018-04-04,-0.029207683377365012
2018-04-05,0.018644167318035754
2018-04-06,-0.03931574126344328
2018-04-09,-0.016713293919181638
2018-04-10,0.0353247426169232
2018-04-11,-0.024322835691461542
2018-04-12,0.04050943848367217
2018-04-13,-0.0018632644134490839
2018-04-16,-0.006667504947196812
2018-04-17,0.0011411011460549236
2018-04-18,0.004156959777936731
2018-04-19,-0.011150304639575448
2018-04-20,-0.007697590413876854
2018-04-23,-0.006260667318518154
2018-04-24,-0.054299893629966234
2018-04-25,-0.0007965774810581028
2018-04-26,-0.012101191955639523
2018-04-27,0.009022074235731647
2018-04-30,-0.016210965688839285
2018-05-01,0.0002956091826704643
2018-05-02,-0.0045803056216982
2018-05-03,0.01573295973572053
2018-05-04,0.0031417488186293863
2018-05-07,0.021267058946946804
2018-05-08,0.013193787452100869
2018-05-09,0.021749619456170377
2018-05-10,0.009989341859221179
2018-05-11,0.004842562213005719
2018-05-14,-0.003869116087218849
2018-05-15,-0.008313614610009568
2018-05-16,0.012506257335279658
2018-05-17,-0.0036648653938656794
2018-05-18,0.057488809515977124
2018-05-21,0.019839549453849914
2018-05-22,-0.02046373042192029
2018-05-23,0.009607421467462629
2018-05-24,0.01021823119156684
2018-05-25,0.005183595297492127
2018-05-29,-0.02509363039517809
2018-05-30,0.00045121269582848456
2018-05-31,-0.035916692362384595
2018-06-01,0.02595130757447328
2018-06-04,-0.012060750974926426
2018-06-05,0.019202978484360145
2018-06-06,0.026545435768091652
2018-06-07,0.0006311938240177728
2018-06-08,-0.009644045808735235
2018-06-11,-0.002800255814348618
2018-06-12,0.0058078023452186045
2018-06-13,-0.026968698362635934
2018-06-14,-0.020607885261412884
2018-06-15,-0.00952159124904517
2018-06-18,-0.006454553529752549
2018-06-19,-0.03728201362973227
2018-06-20,0.014548681787348583
2018-06-21,-0.016210922291124086
2018-06-22,0.008168702051542631
2018-06-25,-0.024586135270245002
2018-06-26,0.0
2018-06-27,-0.0019332866628244405
2018-06-28,0.005263469652695418
2018-06-29,0.002725790224596958
2018-07-02,0.009728023363136273
2018-07-03,-0.006517525521960388
2018-07-05,-0.0038504300030930416
2018-07-06,0.002004240919036615
2018-07-09,0.031718853476752296
2018-07-10,0.0009001824969747663
2018-07-11,-0.021653605293645906
2018-07-12,-0.004384072274944084
2018-07-13,-0.022869306573729098
2018-07-16,-0.009521561139013257
2018-07-17,0.012695188145213976
2018-07-18,0.008768288444441774
2018-07-19,0.007829855602300428
2018-07-20,-0.022309421799704077
2018-07-23,-0.011955937195632926
2018-07-24,0.03180102162991849
2018-07-25,0.010583577537315536
2018-07-26,0.009977511848890286
2018-07-27,-0.013522249572350487
2018-07-30,-0.018465809397908872
2018-07-31,0.047684278344519715
2018-08-01,-0.01989067174644732
2018-08-02,0.0012682732733333424
2018-08-03,0.008938298268620803
2018-08-06,0.00397590121115976
2018-08-07,0.015215534298348654
2018-08-08,-0.00896518876193475
2018-08-09,-0.034389528467163366
2018-08-10,-0.019881582994884406
2018-08-13,-0.001021497563456375
2018-08-14,0.01270919643344337
2018-08-15,-0.02127657497167723
2018-08-16,0.012159019861584186
2018-08-17,0.023589546159425545
2018-08-20,-0.0004271482115831837
2018-08-21,0.02348278169557827
2018-08-22,-0.008482520375131086
2018-08-23,-0.010027093132554121
2018-08-24,0.025357711394963678
2018-08-27,0.009947482352193004
2018-08-28,0.0020518209795454823
2018-08-29,-0.003480999572873622
2018-08-30,-0.01828884108431894
2018-08-31,0.003348434207653961
2018-09-04,-0.014602878932114538
2018-09-05,0.022441751235537266
2018-09-06,0.001518198409226068
2018-09-07,0.0174366052677275
2018-09-10,0.00663786548491041
2018-09-11,-6.695090437802698e-05
2018-09-12,-0.0055180120808925315
2018-09-13,0.0073755013449350315
2018-09-14,-0.007456419822771787
2018-09-17,0.008662759877929416
2018-09-18,0.0
2018-09-19,0.022477377583272062
2018-09-20,0.01102438200002731
2018-09-21,-0.008177935499062539
2018-09-24,-0.008245697764420967
2018-09-25,-0.0017158861829739136
2018-09-26,0.006808011285618143
2018-09-27,-0.0027036793834838146
2018-09-28,-0.005885511829670453
2018-10-01,0.0035258596656981833
2018-10-02,0.026249374867338915
2018-10-03,0.021896182986513857
2018-10-04,0.0006321039158820874
2018-10-05,-0.01206484521800566
2018-10-08,-0.016496086694762213
2018-10-09,-0.021908876036156655
2018-10-10,-0.019873695609239683
2018-10-11,-0.006713654135266145
2018-10-12,0.013313359728668095
2018-10-15,0.00020224163630966352
2018-10-16,0.02364398417614666
2018-10-17,-0.0021057709563672145
2018-10-18,-0.0292796300365169
2018-10-19,-0.008763316307760283
2018-10-22,-0.003221570786473782
2018-10-23,-0.03994763692090453
2018-10-24,-0.04110873069690024
2018-10-25,0.02158482457376354
2018-10-26,-0.02763555376030913
2018-10-29,-0.01834582129608464
2018-10-30,0.016850389342672134
2018-10-31,0.020186689048036888
2018-11-01,0.038467252211650704
2018-11-02,0.007607881211878942
2018-11-05,0.006561846844678421
2018-11-06,0.019769048187246785
2018-11-07,0.020347816279804753
2018-11-08,-0.011857572944211303
2018-11-09,-0.012681585097647385
2018-11-12,-0.0016573363947373076
2018-11-13,0.018399266709147488
2018-11-14,-6.795876801968248e-05
2018-11-15,-0.003531807780320362
2018-11-16,0.007975192016839383
2018-11-19,-0.035842092618756816
2018-11-20,-0.02840725826936985
2018-11-21,0.024256374271395265
2018-11-23,0.0067664880165347885
2018-11-26,0.04256533775158533
2018-11-27,-0.00745396863315706
2018-11-28,0.028414838106499474
2018-11-29,-0.013420107267333559
2018-11-30,0.03273991406070209
2018-12-03,0.047326991818051
2018-12-04,-0.06547058109455406
2018-12-06,0.01847059988308164
2018-12-07,-0.04618149785580139
2018-12-10,-0.0015619320052279173
2018-12-11,-0.0002042681386498213
2018-12-12,0.00775506649524349
2018-12-13,0.0011479748182354754
2018-12-14,0.004719403719416704
2018-12-17,-0.019662870225373053
2018-12-18,0.021563654678953492
2018-12-19,-0.021108478732762115
2018-12-20,-0.009857565284691838
2018-12-21,-0.011407810746589364
2018-12-24,-0.03923338994465586
2018-12-26,0.04287416923706666
2018-12-27,0.024079931282160016
2018-12-28,-0.004658727729573098
2018-12-31,0.02677600790519752
2019-01-02,-0.007172979190912532
2019-01-03,-0.02734682752157236
2019-01-04,0.052967921794578654
2019-01-07,0.016350251583548525
2019-01-08,0.01790348384538465
2019-01-09,-0.016505118124362506
2019-01-10,0.03103723769268596
2019-01-11,-0.005279046047902969
2019-01-14,-0.005496569963751141
2019-01-15,-0.0022867675246009966
2019-01-16,0.0022920088159275043
2019-01-17,0.016898297555284714
2019-01-18,0.028362773748226155
2019-01-22,-0.035052359314754034
2019-01-23,-0.007743687141620215
2019-01-24,0.005202569335429175
2019-01-25,0.01937769594471539
2019-01-28,-0.031021457022247234
2019-01-29,0.025496564889215367
2019-01-30,0.015142300978175038
2019-01-31,0.0066906134637834125
2019-02-01,-0.0007315921304391626
2019-02-04,0.0038442841989039245
2019-02-05,-0.0018237174949146118
2019-02-06,-0.003227542567376007
2019-02-07,-0.01148551901978112
2019-02-08,0.005871106788917002
2019-02-11,-0.004976792779532002
2019-02-12,0.02006903393366466
2019-02-13,-0.015073815499444199
2019-02-14,-0.0017207226108018059
2019-02-15,-0.021118203129691038
2019-02-19,-0.010881126858894752
2019-02-20,0.016660385137144518
2019-02-21,0.01857623234607586
2019-02-22,0.019159014822120568
2019-02-25,-0.006687709760787031
2019-02-26,-0.006430038668662874
2019-02-27,-0.001281849431490012
2019-02-28,0.0027503457394584263
2019-03-01,-0.004449775003399159
2019-03-04,0.015369241344309836
2019-03-05,-0.026353640342770546
2019-03-06,-0.0198824021627656
2019-03-07,-0.0013901096457322737
2019-03-08,0.006264996665434008
2019-03-11,0.00886712869893147
2019-03-12,-0.007978913706581658
2019-03-13,0.0033933360423019643
2019-03-14,-0.012024357033605049
2019-03-15,0.0024722518278730288
2019-03-18,0.013594844290001129
2019-03-19,0.00417956206485548
2019-03-20,-0.008138303586820661
2019-03-21,0.0004388174954783608
2019-03-22,-0.02372771468077206
2019-03-25,0.008913498403053666
2019-03-26,0.001716400566886156
2019-03-27,0.004250847080616849
2019-03-28,0.003619085291068469
2019-03-29,0.011133429193247002
2019-04-01,0.01295061006432685
2019-04-02,0.001296765440572667
2019-04-03,0.007833984579526998
2019-04-04,0.005202235382243181
2019-04-05,0.0048102815376329655
2019-04-08,-0.0001819952622621468
2019-04-09,-0.03739414988446099
2019-04-10,-0.0012590191116602645
2019-04-11,0.00964519889950588
2019-04-12,0.00811696492943037
2019-04-15,0.006379295564146625
2019-04-16,0.012738884881110524
2019-04-17,0.00540856888780783
2019-04-18,0.021758695782551074
2019-04-22,0.0005916001654941994
2019-04-23,-0.008217364817654449
2019-04-24,-0.014604212926545568
2019-04-25,-0.02117233825744491
2019-04-26,0.019775884780202535
2019-04-29,0.0077573171301119626
2019-04-30,-0.00396894562797212
2019-05-01,-0.006580755747324862
2019-05-02,-0.0025528863944270785
2019-05-03,0.017000005385472194
2019-05-06,-0.04032115203405717
2019-05-07,-0.015108221885708928
2019-05-08,-0.013755084609594959
2019-05-09,-0.0007066605300565243
2019-05-10,0.0036661212533672938
2019-05-13,-0.06260841036251041
2019-05-14,0.005674150040346326
2019-05-15,-0.015430596720099832
2019-05-16,0.007939955696981471
2019-05-17,-0.0765121947346783
2019-05-20,0.004079426071218029
2019-05-21,0.026002893193603382
2019-05-22,-0.0007921087858215881
2019-05-23,-0.01664488753611071
2019-05-24,0.01817233877478852
2019-05-28,-0.009931410813384112
2019-05-29,0.025877746461799633
2019-05-30,0.00389697310156234
2019-05-31,-0.010658096371329417
2019-06-03,0.02225896423301288
2019-06-04,0.016260713296865514
2019-06-05,0.004120266712200449
2019-06-06,0.0018466145457021188
2019-06-07,0.015154606125957981
2019-06-10,0.007396676642838607
2019-06-11,0.0012687007288934016
2019-06-12,-0.008066726235721577
2019-06-13,0.018415170690669003
2019-06-14,-0.00013228638527673642
2019-06-17,0.018876968942157735
2019-06-18,0.03245441517958181
2019-06-19,0.0035138406523174126
2019-06-20,0.01763145047789272
2019-06-21,0.009338770498362514
2019-06-24,0.01582679813503085
2019-06-25,-0.0034159788423766546
2019-06-26,-0.0011421280603316486
2019-06-27,-0.0032656635902703623
2019-06-28,0.005399905647188952
2019-07-01,-0.0034396861807282075
2019-07-02,-6.0615381831663484e-05
2019-07-03,0.0009687990801987567
2019-07-05,-0.011313443280729807
2019-07-08,0.002875962632801876
2019-07-09,-0.0032946514559184514
2019-07-10,-0.015549573933950733
2019-07-11,0.0027982485216726527
2019-07-12,0.025486919303397748
2019-07-15,0.0038093425461040997
2019-07-16,0.0009036206025496707
2019-07-17,-0.01847722525999096
2019-07-18,0.0009812830438666875
2019-07-19,0.01451861608359084
2019-07-22,-0.002837931004757044
2019-07-23,0.019437634009752847
2019-07-24,-0.006949676743742361
2019-07-25,-0.0016147584674033322
2019-07-26,0.020849474379572186
2019-07-29,-0.0007633307408341228
2019-07-30,-0.001350377403671832
2019-07-31,-0.025760499688456284
2019-08-01,-0.026803220342872747
2019-08-02,-0.015569915565776027
2019-08-05,-0.048141401303866904
2019-08-06,0.01138663389229122
2019-08-07,-0.010079961683758909
2019-08-08,0.02525772618778177
2019-08-09,-0.0014185153400925188
2019-08-12,-0.05030993292737973
2019-08-13,0.0008157380318158935
2019-08-14,-0.027179407006651224
2019-08-15,0.0037719270580662823
2019-08-16,0.03841084158721775
2019-08-19,0.0211751210487634
2019-08-20,-0.0019030679372377124
2019-08-21,0.018145922638108436
2019-08-22,0.0032932759691726154
2019-08-23,-0.05374249940728204
2019-08-26,0.025778903187605673
2019-08-27,-0.004708226556255801
2019-08-28,0.01745505733046504
2019-08-29,0.024620339242452438
2019-08-30,-0.010033317441615952
2019-09-03,-0.026402643800706782
2019-09-04,0.005967528990400428
2019-09-05,0.030187147028650774
2019-09-06,0.0014077926607642954
2019-09-09,0.011755804403235093
2019-09-10,0.03586722051552549
2019-09-11,0.006766546211720792
2019-09-12,-0.0114437575337476
2019-09-13,0.013230169565597194
2019-09-16,-0.0050175446976838955
2019-09-17,-0.0036452447267150134
2019-09-18,0.00847622251243152
2019-09-19,-0.0056841570834095245
2019-09-20,-0.002249894228623095
2019-09-23,0.006948238642296323
2019-09-24,0.00453970660714198
2019-09-25,-0.004639722566896376
2019-09-26,0.00738580521717469
2019-09-27,0.0036819879662537414
2019-09-30,0.014555748084806641
2019-10-01,-0.01885247579874172
2019-10-02,-0.013594971900256714
2019-10-03,0.009678279745344742
2019-10-04,0.017351139851841335
2019-10-07,-0.006798237747937419
2019-10-08,-0.00948661644443416
2019-10-09,0.008849760515563965
2019-10-10,0.008231901141329878
2019-10-11,0.018772612949033762
2019-10-14,-0.011816485468441051
2019-10-15,0.021961928067046
2019-10-16,-0.009152063464108129
2019-10-17,0.00631335573960401
2019-10-18,0.010340571701526136
2019-10-21,0.0006324977275402599
2019-10-22,0.0064356817333288685
2019-10-23,-0.0008562769839048912
2019-10-24,-0.016514360596840638
2019-10-25,0.005810143166766535
2019-10-28,0.0013866083946223462
2019-10-29,0.004383893269752859
2019-10-30,-0.001665268977100065
2019-10-31,0.0018408786478421035
2019-11-01,0.011312689938959508
2019-11-04,0.016978232169548635
2019-11-05,-0.0010054053106474115
2019-11-06,-0.01648761978506985
2019-11-07,0.010911073511329361
2019-11-08,0.0026419412941156573
2019-11-11,0.008073650099767127
2019-11-12,-0.0189654689119112
2019-11-13,-0.004082284220513821
2019-11-14,-0.0073432579175305435
2019-11-15,0.0005734984399838883
2019-11-18,0.0024647624210529795
2019-11-19,-0.007203690708193156
2019-11-20,-0.00909883160481284
2019-11-21,0.023013571707481306
2019-11-22,-0.0036921412616944815
2019-11-25,0.007013090656577514
2019-11-26,0.00022633437399743883
2019-11-27,-0.04296611103346948
2019-11-29,-0.00597419642899033
2019-12-02,-0.01642367221644747
2019-12-03,-0.010829590089143082
2019-12-04,0.010825660108251478
2019-12-05,-0.004174884204579787
2019-12-06,0.003827918857156609
2019-12-09,0.01628230883755455
2019-12-10,0.011911954698098137
2019-12-11,-0.0011774356412667109
2019-12-12,0.024278547474283263
2019-12-13,-0.007594337425336661
2019-12-16,0.002029120397095241
2019-12-17,0.005727812922674103
2019-12-18,-0.007075881963882091
2019-12-19,0.000868973084810376
2019-12-20,0.010940109462310943
2019-12-23,0.002290257766117909
2019-12-24,-0.0031416962497694545
2019-12-26,0.0017190274166549724
2019-12-27,0.005778112974672345
2019-12-30,-0.005084537389433708
2019-12-31,-0.005167488252487917
2020-01-02,0.020778079261225546
2020-01-03,-0.0074071627753370395
2020-01-06,0.007177613097571589
2020-01-07,-0.017363301144227905
2020-01-08,0.012432461354234148
2020-01-09,0.009664504033213728
2020-01-10,-0.023479889990097536
2020-01-13,0.007553753719338863
2020-01-14,-0.006123643245711685
2020-01-15,-0.004318437158321919
2020-01-16,0.014746729165461492
2020-01-17,0.004160399188286146
2020-01-21,-0.02065838270827025
2020-01-22,-0.008113290103515691
2020-01-23,0.005258349006068919
2020-01-24,-0.011275067565777896
2020-01-27,-0.040206865262812364
2020-01-28,-0.0018374738045361383
2020-01-29,-0.017302636174911568
2020-01-30,0.005931692616259587
2020-01-31,-0.015703842561454406
2020-02-03,-0.001828747820282195
2020-02-04,0.038789322523821834
2020-02-05,0.02383998066009041
2020-02-06,0.0030295848504142686
2020-02-07,-0.008350016086766776
2020-02-10,0.004718004024015121
2020-02-11,0.012006359840295966
2020-02-12,0.009221328109357163
2020-02-13,-0.006227349781799507
2020-02-14,-0.015752841527716943
2020-02-18,-0.01053139084569088
2020-02-19,-0.008238139180001047
2020-02-20,0.005456776048923029
2020-02-21,0.06995114761144383
2020-02-24,-0.03139262202860971
2020-02-25,-0.030315458530668415
2020-02-26,0.001620235898290634
2020-02-27,-0.04151664883718709
2020-02-28,-0.02193904168340788
2020-03-02,0.04754604678079977
2020-03-03,-0.037457361589778304
2020-03-04,0.03352796645889433
2020-03-05,-0.024529652752021236
2020-03-06,0.031244395210212605
2020-03-09,-0.08558884260737287
2020-03-10,0.03326635083982232
2020-03-11,-0.058777869815085704
2020-03-12,-0.10618334385996575
2020-03-13,0.06572608283524306
2020-03-16,-0.13608225426782583
2020-03-17,0.05547663628765953
2020-03-18,-0.0986502811451695
2020-03-19,0.047719035752595396
2020-03-20,-0.06710692463399315
2020-03-23,-0.004299730534498281
2020-03-24,0.1336031606581547
2020-03-25,0.01976190365818975
2020-03-26,0.0824967035162174
2020-03-27,-0.02861464880752973
2020-03-30,0.05120964776105441
2020-03-31,-0.02173722153539903
2020-04-01,-0.03249887236871729
2020-04-02,0.04271729751231601
2020-04-03,-0.02769418615065322
2020-04-06,0.058810306535043155
2020-04-07,-0.004668961944123473
2020-04-08,0.02765660849968543
2020-04-09,-0.006949318199450882
2020-04-13,-0.0408234281217833
2020-04-14,-0.011945680069936238
2020-04-15,-0.020415724301791283
2020-04-16,-0.03961235419240072
2020-04-17,0.0654869342326887
2020-04-20,-0.008377851476108589
2020-04-21,-0.023598367851201507
2020-04-22,0.016037724278356036
2020-04-23,0.006607530285564822
2020-04-24,0.011085957516676848
2020-04-27,0.0077182549002068335
2020-04-28,0.013314254970652861
2020-04-29,0.039135251683154015
2020-04-30,-0.013868010273242803
2020-05-01,-0.04735973364717616
2020-05-04,-0.037991194720004895
2020-05-05,0.01662400433098754
2020-05-06,-0.022345355302389236
2020-05-07,0.0292889352890493
2020-05-08,0.007353239711103354
2020-05-11,-0.015401573063562934
2020-05-12,-0.035880901191512105
2020-05-13,-0.03252603335028936
2020-05-14,0.007788893674774755
2020-05-15,-0.006230309325239047
2020-05-18,0.09435766488417596
2020-05-19,-0.012690718178321458
2020-05-20,0.0452447931978428
2020-05-21,0.003513080066909202
2020-05-22,-0.014704473915866711
2020-05-26,0.052021532566390416
2020-05-27,0.03600620603432736
2020-05-28,-0.0013039603889627438
2020-05-29,-0.006790237662056886
2020-06-01,-0.019589563776402197
2020-06-02,0.025546363475005718
2020-06-03,0.035305680130294226
2020-06-04,0.017618689839892676
2020-06-05,0.03462840899180164
2020-06-08,0.01253598012550694
2020-06-09,-0.023695364667156604
2020-06-10,-0.023117250104059073
2020-06-11,-0.061552858533143184
2020-06-12,0.025680118817490438
2020-06-15,0.0032264024256347668
2020-06-16,0.018202786338775923
2020-06-17,-0.01762488015075292
2020-06-18,-0.004115236728161609
2020-06-19,0.0
2020-06-22,-0.002001891391212096
2020-06-23,-0.0038818269906800706
2020-06-24,-0.02253829954138098
2020-06-25,0.026313795404840246
2020-06-26,-0.035027425820205904
2020-06-29,0.03662007824185687
2020-06-30,0.02237967659610507
2020-07-01,-0.0019089270876857523
2020-07-02,0.006694023209129485
2020-07-06,0.014692940611684913
2020-07-07,-0.009486912090474253
2020-07-08,-0.0020161308933264177
2020-07-09,-0.0046092549325266186
2020-07-10,0.009133994751045371
2020-07-13,0.029794687298920763
2020-07-14,0.034975053728100836
2020-07-15,0.016690320182592755
2020-07-16,0.005974929467883916
2020-07-17,0.017817949728745397
2020-07-20,-0.01529651875003002
2020-07-21,0.0105861871333639
2020-07-22,-0.0009108346698388781
2020-07-23,0.007065798304705551
2020-07-24,-0.0078082985748811895
2020-07-27,0.003706845369046974
2020-07-28,-0.0011933184156971421
2020-07-29,0.025371391068095495
2020-07-30,-0.012260913319067868
2020-07-31,-0.00971701219040022
2020-08-03,0.00743019501561526
2020-08-04,0.002758922786634921
2020-08-05,0.02644417060488724
2020-08-06,-0.008533082756773114
2020-08-07,0.012358187821394306
2020-08-10,0.034931465231439196
2020-08-11,0.017429692659999274
2020-08-12,-0.004710027630376201
2020-08-13,-0.014611772433032688
2020-08-14,0.008601808988526694
2020-08-17,0.00973145728975311
2020-08-18,-0.004456121866675988
2020-08-19,-0.0007287567656958371
2020-08-20,-0.004635499160580925
2020-08-21,0.04395579497982438
2020-08-24,0.029574075482252438
2020-08-25,0.0009737761172372572
2020-08-26,0.026313245648376338
2020-08-27,-0.005592131120023769
2020-08-28,0.0003334864366280055
2020-08-31,0.0007622110805902693
2020-09-01,0.03632301287379591
2020-09-02,-0.002664430879612878
2020-09-03,-0.029017577839023145
2020-09-04,0.002514268277513443
2020-09-08,-0.005205006282422042
2020-09-09,0.025114380976234196
2020-09-10,-0.0019023236700859147
2020-09-11,0.003951356672309725
2020-09-14,0.010974337638532061
2020-09-15,-0.011725540143636692
2020-09-16,-0.0017147698937372002
2020-09-17,0.021077095428002623
2020-09-18,0.009229811235688334
2020-09-21,-0.03495968184579068
2020-09-22,0.01573217117989456
2020-09-23,-0.013925947870179312
2020-09-24,0.009181890917069335
2020-09-25,0.012608553503771436
2020-09-28,0.012086815536473061
2020-09-29,-0.004341282313699679
2020-09-30,0.00658573646666194
2020-10-01,-0.01168639027269347
2020-10-02,0.026250917656454487
2020-10-05,0.009653752156665973
2020-10-06,-0.0037012749622178376
2020-10-07,0.019679748549618514
2020-10-08,0.015917124157789564
2020-10-09,0.0024334180829577168
2020-10-12,0.007282532801863306
2020-10-13,0.0029595209789792243
2020-10-14,0.005269391386286459
2020-10-15,-0.0009644955573956393
2020-10-16,0.007639324371526257
2020-10-19,-0.007873117089861714
2020-10-20,0.002939290866451172
2020-10-21,-0.010340421234870445
2020-10-22,0.0020304885496391645
2020-10-23,0.011186932267227778
2020-10-26,-0.02204297314160031
2020-10-27,-0.024503767104315566
2020-10-28,-0.022493590874842595
2020-10-29,0.020817598735809906
2020-10-30,-0.009253639179496842
2020-11-02,0.025629468765814956
2020-11-03,0.03564970364257691
2020-11-04,-0.02775451008169305
2020-11-05,0.05452191161374342
2020-11-06,0.006584892389965402
2020-11-09,0.004966837963895854
2020-11-10,0.02049259692804295
2020-11-11,-0.018191002879575202
2020-11-12,-0.005374107391981964
2020-11-13,0.015241224771176176
2020-11-16,0.02903237735345332
2020-11-17,-0.0034352305652003423
2020-11-18,-0.0034078707956730625
2020-11-19,-0.006761764392735015
2020-11-20,0.011620080672262612
2020-11-23,0.009862394746112502
2020-11-24,0.0015318728708284546
2020-11-25,-0.019425611864655523
2020-11-27,0.021526521040315494
2020-11-30,-0.0012599992742324817
2020-12-01,-0.024806990294873987
2020-12-02,0.015168566401317918
2020-12-03,-0.02440131582532168
2020-12-04,0.0028098565110812324
2020-12-07,-0.005446035429478524
2020-12-08,0.0023410671584387366
2020-12-09,0.008828141756817676
2020-12-10,-0.0054152610409043955
2020-12-11,0.009153683198884544
2020-12-14,-0.011924889275001016
2020-12-15,0.036681025997314265
2020-12-16,-0.0033207466141486064
2020-12-17,0.013059122572031345
2020-12-18,0.023324526939158874
2020-12-21,-0.010897760062675621
2020-12-22,0.005639534246178579
2020-12-23,-0.004902446578447628
2020-12-24,0.0047400110536084394
2020-12-28,-0.00635202133625512
2020-12-29,-0.00807462015083904
2020-12-30,0.005933887797843651
2020-12-31,0.010895886205247507
2021-01-04,-0.00524036878508416
2021-01-05,0.024809226507510385
2021-01-06,0.058626200928060035
2021-01-07,0.03227044573673643
2021-01-08,-0.019417589945407876
2021-01-11,0.0034366315001623793
2021-01-12,0.024311547771295183
2021-01-13,-0.0028801019809897577
2021-01-14,0.005411372570751638
2021-01-15,-0.02459958407140239
2021-01-19,-0.0013878471548037785
2021-01-20,0.020169900740628854
2021-01-21,0.015152870254314443
2021-01-22,-0.0010804117318545803
2021-01-25,-0.022839545238052095
2021-01-26,-0.007344029549258391
2021-01-27,-0.05161980519256981
2021-01-28,0.04356475713338148
2021-01-29,-0.0141997821550921
2021-02-01,0.011807257013835226
2021-02-02,0.035351722096329086
2021-02-03,-0.004627825721729151
2021-02-04,0.02699744458065889
2021-02-05,-9.696491449562306e-05
2021-02-08,0.025223260613404852
2021-02-09,-0.005393890644892485
2021-02-10,-0.005359331150548097
2021-02-11,0.0026145806526807203
2021-02-12,-0.004643029016539568
2021-02-16,0.013067180984968063
2021-02-17,-0.01580001085504712
2021-02-18,-0.03790703493782843
2021-02-19,0.09908426936995673
2021-02-22,0.022757746668305767
2021-02-23,-0.0002965556697964722
2021-02-24,0.024451048669787312
2021-02-25,0.006856403452750071
2021-02-26,0.003131997788871743
2021-03-01,0.02976036702729168
2021-03-02,-0.02244722436732316
2021-03-03,-0.02384478315803118
2021-03-04,-0.014895223097360355
2021-03-05,0.03515315243565542
2021-03-08,0.011062561685363681
2021-03-09,-0.002855514583922636
2021-03-10,0.02418558917518765
2021-03-11,0.008969697403913957
2021-03-12,0.013800931565543406
2021-03-15,0.013207601683815406
2021-03-16,-0.0022705487208375397
2021-03-17,0.015367231129534087
2021-03-18,0.003032150881492779
2021-03-19,-0.020845736701158968
2021-03-22,-0.002389676873824964
2021-03-23,-0.037944842483333185
2021-03-24,0.009566873232074835
2021-03-25,0.016319606097203954
2021-03-26,0.014967640858464248
2021-03-29,-0.01160429598345114
2021-03-30,0.018661602559295387
2021-03-31,0.0005883336297871633
2021-04-01,-0.005399015679096841
2021-04-05,0.007228658633089413
2021-04-06,0.0021344797124982495
2021-04-07,-0.002183286994759448
2021-04-08,-0.001920798655475342
2021-04-09,0.007832388440226268
2021-04-12,0.0033423779923322794
2021-04-13,0.0010839104520192766
2021-04-14,0.007473654042179367
2021-04-15,0.0016774870261422326
2021-04-16,0.0024336071880335375
2021-04-19,-0.006134788436442329
2021-04-20,-0.02744786346056627
2021-04-21,0.014395074715516376
2021-04-22,-0.019276018208402745
2021-04-23,0.021473686313084217
2021-04-26,0.011109040365502532
2021-04-27,0.005020394743985079
2021-04-28,-0.006695362847226494
2021-04-29,-0.00897828895141195
2021-04-30,-0.014718821156801787
2021-05-03,0.007873681378308017
2021-05-04,0.015544219496072875
2021-05-05,-0.0018967298201464367
2021-05-06,0.029166595684512187
2021-05-07,0.011053960299631127
2021-05-10,-0.007153559720288527
2021-05-11,-0.020950432316004797
2021-05-12,-0.024973961070284267
2021-05-13,0.011990353407254073
2021-05-14,0.015577464081910408
2021-05-17,-0.0011716639847197952
2021-05-18,-0.03613601052857063
2021-05-19,-0.030485207427030536
2021-05-20,-0.00892789535349503
2021-05-21,0.012752589373235867
2021-05-24,-0.0010840641758815828
2021-05-25,0.003701043276810756
2021-05-26,-0.008179033484229659
2021-05-27,0.012495336282029923
2021-05-28,-0.0030644789681910645
2021-06-01,0.009720190839824339
2021-06-02,-0.021667015976684967
2021-06-03,0.006167730869232502
2021-06-04,-0.006324765083750572
2021-06-07,-0.003392935235085437
2021-06-08,0.003235610399713318
2021-06-09,-0.019771154390376577
2021-06-10,-0.0231454240996517
2021-06-11,0.0003809847136382327
2021-06-14,-0.01765410352564334
2021-06-15,0.007629802432242316
2021-06-16,-0.004555129436154326
2021-06-17,-0.02430451414750967
2021-06-18,0.001796422838627132
2021-06-21,0.027084994022988695
2021-06-22,0.012489202652413045
2021-06-23,0.016515818237799573
2021-06-24,0.008252961137474646
2021-06-25,-0.0017967877425978385
2021-06-28,-0.00028565045365225306
2021-06-29,-0.00017201107695996587
2021-06-30,0.010832935133748833
2021-07-01,0.004479692904494348
2021-07-02,-0.005052338597446582
2021-07-06,-0.008652432649756792
2021-07-07,0.006953917035834811
2021-07-08,-0.023587850507555186
2021-07-09,0.01717226678118533
2021-07-12,0.013734686112802486
2021-07-13,-0.00990726352161675
2021-07-14,-0.014824513155433983
2021-07-15,0.0015335214716292178
2021-07-16,-0.010430560673210354
2021-07-19,-0.022015090998134146
2021-07-20,0.039050237100540786
2021-07-21,0.014280791410234972
2021-07-22,-0.004730960151298813
2021-07-23,0.009592009105248822
2021-07-26,0.00214279491674918
2021-07-27,-0.005457772576449527
2021-07-28,0.00011308322880121402
2021-07-29,0.01764909434854456
2021-07-30,0.004974876916302717
2021-08-02,-0.015597515919847482
2021-08-03,0.027840702905451487
2021-08-04,-0.014185538385606433
2021-08-05,0.010120037168470875
2021-08-06,0.007026933471324659
2021-08-09,0.006650478043412011
2021-08-10,0.019765850082242853
2021-08-11,0.025118447808738065
2021-08-12,-0.0011916168797913018
2021-08-13,-0.004201051489883367
2021-08-16,-0.0025259002427827637
2021-08-17,-0.01749203982900649
2021-08-18,-0.012542383637920707
2021-08-19,-0.0339871330415783
2021-08-20,-0.021031785064250408
2021-08-23,0.03235325096880137
2021-08-24,0.014278037437694957
2021-08-25,0.022800223926943808
2021-08-26,0.009139944816363377
2021-08-27,-0.0008425543685707249
2021-08-30,0.00397917198548936
2021-08-31,-0.007795431942608788
2021-09-01,-0.0034918380308247565
2021-09-02,0.021873588298769286
2021-09-03,0.011403970343623282
2021-09-07,-0.04520463743721537
2021-09-08,-0.004061870027432413
2021-09-09,-0.01455851544265041
2021-09-10,-0.004851629696575488
2021-09-13,-0.004269063976206633
2021-09-14,-0.015324171921334062
2021-09-15,0.01064687720144697
2021-09-16,-0.012341423228426018
2021-09-17,-0.017561178963181767
2021-09-20,-0.02681249152868992
2021-09-21,-0.008182848922231978
2021-09-22,0.01154479202389691
2021-09-23,0.03127539161879689
2021-09-24,-0.006401012865668632
2021-09-27,0.00907653006773379
2021-09-28,0.004313041527695072
2021-09-29,-0.005724206626180228
2021-09-30,-0.0450306018431077
2021-10-01,0.021278943318534305
2021-10-04,-0.010987800065422437
2021-10-05,-0.000443207727782835
2021-10-06,0.00032510619550718545
2021-10-07,0.016814486431820264
2021-10-08,-0.002673593299694965
2021-10-11,-0.030830242749761205
2021-10-12,-0.005983369226729929
2021-10-13,-0.004839660051157324
2021-10-14,0.0023401986052256074
2021-10-15,0.009067132750760765
2021-10-18,-0.0027647215854863516
2021-10-19,0.033901604699875465
2021-10-20,0.002798310088601985
2021-10-21,-0.0032553984113282697
2021-10-22,-0.006473665779691329
2021-10-25,0.03524996472498021
2021-10-26,-0.032802307964143185
2021-10-27,-0.008559034336604987
2021-10-28,0.03391163533300068
2021-10-29,-0.021132253888054953
2021-11-01,0.04802644482186924
2021-11-02,-0.009616944070544142
2021-11-03,-0.03447764750385729
2021-11-04,0.022737280430418894
2021-11-05,0.012398487707754757
2021-11-08,0.01593454697242258
2021-11-09,-0.013994186467907954
2021-11-10,-0.008993787193005809
2021-11-11,0.009642605523080494
2021-11-12,0.008005350963146363
2021-11-15,0.006381338949910775
2021-11-16,0.002381216214379034
2021-11-17,-0.023452411241200344
2021-11-18,0.010154923772710767
2021-11-19,-0.030690703946689712
2021-11-22,0.008695644111999856
2021-11-23,0.0003436618154497584
2021-11-24,0.05319497986929167
2021-11-26,-0.023269553307175728
2021-11-29,-0.031199607425825615
2021-11-30,-0.0073256540795497704
2021-12-01,-0.011547232574248056
2021-12-02,0.026555537515108973
2021-12-03,-0.003935974377449303
2021-12-06,0.015089997825842083
2021-12-07,0.01926621873955847
2021-12-08,-0.000775084673582116
2021-12-09,0.0023819876615545077
2021-12-10,-0.009836588594604456
2021-12-13,-0.01936586530044404
2021-12-14,-0.008166895807924957
2021-12-15,-0.013226466560014694
2021-12-16,0.012647678167406085
2021-12-17,-0.0036175089645299474
2021-12-20,-0.0241189911288765
2021-12-21,0.03292379837162063
2021-12-22,-0.008032927295586023
2021-12-23,0.0063976428928684825
2021-12-27,0.004381280181838365
2021-12-28,-0.0027940165573181464
2021-12-29,-0.011607879334501026
2021-12-30,-0.007630535024906737
2021-12-31,0.00251436412003625
2022-01-03,0.021056433683239728
2022-01-04,0.06049528819160144
2022-01-05,0.0020468425602964135
2022-01-06,0.011584513025632903
2022-01-07,0.006084501400388298
2022-01-10,0.0031955077336305315
2022-01-11,0.0018165421315727848
2022-01-12,-0.01129936092813566
2022-01-13,0.01100331572294877
2022-01-14,-0.002181910122226016
2022-01-18,0.011460667849429562
2022-01-19,-0.02086440673304757
2022-01-20,-0.023729681733979713
2022-01-21,-0.007357371534577273
2022-01-24,-0.0006862174373885033
2022-01-25,0.01151005498343216
2022-01-26,0.010917345497990727
2022-01-27,0.009993471942460364
2022-01-28,-0.005771844533367987
2022-01-31,0.006982634359453677
2022-02-01,0.0039318565467374444
2022-02-02,-0.008997539767632179
2022-02-03,-0.009586646259536757
2022-02-04,-0.0037746070633701834
2022-02-07,0.007334407994704639
2022-02-08,0.047501170147883576
2022-02-09,0.014158114247210252
2022-02-10,-0.0056902023424009185
2022-02-11,-0.0012208719460602424
2022-02-14,-0.013777549742168493
2022-02-15,0.0158549604811562
2022-02-16,-0.007218997260191928
2022-02-17,-0.025681271605962785
2022-02-18,-0.03003700004826171
2022-02-22,-0.04150637126283552
2022-02-23,-0.04596061017822861
2022-02-24,0.01552494075627786
2022-02-25,0.01231168314742992
2022-02-28,0.037581570675221165
2022-03-01,-0.0038053907866174574
2022-03-02,0.04832020445263274
2022-03-03,0.01582524131393237
2022-03-04,0.02131260137902702
2022-03-07,-0.05401581128624611
2022-03-08,-0.011029965157761223
2022-03-09,0.010769409353986292
2022-03-10,0.02518563803040963
2022-03-11,0.029961557179591924
2022-03-14,0.011245822904371039
2022-03-15,-0.01368490939453193
2022-03-16,-0.0006951270114002872
2022-03-17,0.04623906288401791
2022-03-18,0.01723511935123412
2022-03-21,0.022122672566231794
2022-03-22,0.01245568412617204
2022-03-23,0.009285561626662941
2022-03-24,0.0016223535270043499
2022-03-25,0.009786530937679894
2022-03-28,-0.008798292008288966
2022-03-29,-0.04551438386233708
2022-03-30,0.008934784003411744
2022-03-31,-0.00021664731483661548
2022-04-01,0.0032254491393757245
2022-04-04,0.0015595315647412011
2022-04-05,-0.008959230010626373
2022-04-06,-0.005946153305583124
2022-04-07,-0.004352565149183363
2022-04-08,0.021589225846402327
2022-04-11,0.0005021616908764681
2022-04-12,0.002915147987092137
2022-04-13,0.018011589442116005
2022-04-14,0.02213946129347355
2022-04-18,0.0038923061409701365
2022-04-19,-0.0014366686639403214
2022-04-20,-0.00098214227140625
2022-04-21,-0.02979034134869496
2022-04-22,-0.048991503790565605
2022-04-25,-0.044750605597617454
2022-04-26,-0.009701348533059151
2022-04-27,0.00984871612338245
2022-04-28,-0.0018416466943856902
2022-04-29,-0.01889188683759535
2022-05-02,0.009747226688571642
2022-05-03,0.021535514370124353
2022-05-04,0.01774340339198166
2022-05-05,-0.03358152562370076
2022-05-06,-0.014567751471155521
2022-05-09,-0.03425515579168459
2022-05-10,0.000603459989018118
2022-05-11,-0.001973951815487096
2022-05-12,-0.0028845961653035657
2022-05-13,0.010221039552687827
2022-05-16,0.021162396122938354
2022-05-17,0.026198588223743213
2022-05-18,-0.04057164450571815
2022-05-19,-0.01098545046311139
2022-05-20,-0.14072159087875546
2022-05-23,0.07037739448712954
2022-05-24,0.004979621597100747
2022-05-25,0.01762468353357627
2022-05-26,0.01323722860396681
2022-05-27,0.03804200990601103
2022-05-31,-0.008177899888626383
2022-06-01,-0.01573586117076753
2022-06-02,0.025358377001522214
2022-06-03,-0.00022148850350045546
2022-06-06,0.005290911275263488
2022-06-07,0.013584775048165687
2022-06-08,-0.03485230106098436
2022-06-09,-0.027294156691883398
2022-06-10,-0.029247462950182435
2022-06-13,-0.030814650762912232
2022-06-14,0.005170978008707916
2022-06-15,0.012248040956445161
2022-06-16,-0.03935513592121287
2022-06-17,0.01621709294620377
2022-06-21,0.02029605755650654
2022-06-22,-0.034439795537702156
2022-06-23,-0.06422797711724737
2022-06-24,0.04490578452539129
2022-06-27,0.014347035125726437
2022-06-28,-0.01956675132924568
2022-06-29,-0.02395881602364791
2022-06-30,-0.003924759266096478
2022-07-01,0.00721291340097574
2022-07-05,-0.03149571271049045
2022-07-06,-0.010235097915559654
2022-07-07,0.051290214455099736
2022-07-08,0.0022040272295169583
2022-07-11,-0.020450496892601255
2022-07-12,-0.008209988161847037
2022-07-13,0.00277066909042456
2022-07-14,-0.008255399362028681
2022-07-15,0.011449889354574916
2022-07-18,0.0008398323411391573
2022-07-19,0.04577914434382313
2022-07-20,0.012099291212936514
2022-07-21,0.0037419906850011397
2022-07-22,-0.013521215666830289
2022-07-25,0.03426620929645985
2022-07-26,-0.010868462957868918
2022-07-27,0.019596359409157937
2022-07-28,0.01817584010446449
2022-07-29,0.03482784501756142
2022-08-01,-0.014540372086688347
2022-08-02,-0.014725485620415646
2022-08-03,0.009903560922888355
2022-08-04,0.017443963963453157
2022-08-05,0.00271616456426349
2022-08-08,0.0011649527961645756
2022-08-09,-8.742243687132056e-05
2022-08-10,0.02525628347033959
2022-08-11,0.027131495088760893
2022-08-12,0.01724144293008334
2022-08-15,-0.005731556101546853
2022-08-16,0.010736639701574902
2022-08-17,-0.014298237246009537
2022-08-18,0.009048686857960009
2022-08-19,0.004538336993231473
2022-08-22,-5.4190262009923273e-05
2022-08-23,0.014175994563475847
2022-08-24,0.01733886508691529
2022-08-25,0.017751272584174416
2022-08-26,-0.022594271958479628
2022-08-29,0.003242034712451103
2022-08-30,-0.031186680654879617
2022-08-31,-0.00946478981088783
2022-09-01,-0.004052055321619785
2022-09-02,-0.004260841168679863
2022-09-06,-0.003202502028227916
2022-09-07,0.01351579130543823
2022-09-08,0.006941003210524599
2022-09-09,0.010231095353853581
2022-09-12,0.004781861215323202
2022-09-13,-0.02868749574412066
2022-09-14,-0.006606169048610111
2022-09-15,-0.005901920353149626
2022-09-16,-0.011901748579483007
2022-09-19,0.023102942830547146
2022-09-20,-0.0195759452571731
2022-09-21,-0.01625455169116974
2022-09-22,-0.010519997949357096
2022-09-23,-0.034409109277654615
2022-09-26,-0.005924293933875391
2022-09-27,0.010353957443183903
2022-09-28,0.030445649453701096
2022-09-29,-0.010934729903815388
2022-09-30,-0.020850401575165378
2022-10-03,0.03042885422297603
2022-10-04,0.04720259460941301
2022-10-05,-0.012545393241842118
2022-10-06,-0.0008432557225092063
2022-10-07,0.001912790688862298
2022-10-10,0.009911789310939945
2022-10-11,0.010147845903452746
2022-10-12,-0.005835009147704628
2022-10-13,0.01650030248697365
2022-10-14,-0.027316995190950655
2022-10-17,0.0152599645320588
2022-10-18,0.024049079389958372
2022-10-19,2.6971966567090888e-05
2022-10-20,-0.015619932223665978
2022-10-21,0.04798651334437043
2022-10-24,0.007387924576070404
2022-10-25,0.014874617174404303
2022-10-26,-0.0011489823357115903
2022-10-27,0.008717129888589525
2022-10-28,0.005727598864552208
2022-10-31,-0.002595488210933139
2022-11-01,-0.017962918287429908
2022-11-02,-0.007100269827212458
2022-11-03,0.01989899326660094
2022-11-04,0.003709060003246334
2022-11-07,0.009314229401994778
2022-11-08,0.01454478780840529
2022-11-09,-0.018488693776847698
2022-11-10,0.02649269899414186
2022-11-11,-0.0038762992919187944
2022-11-14,0.0022413663100515624
2022-11-15,7.36754558785524e-05
2022-11-16,-0.0014006650394364772
2022-11-17,0.0162155560877566
2022-11-18,0.003075130899494294
2022-11-21,-0.006179681497953227
2022-11-22,0.011804743036085252
2022-11-23,0.050316830185624495
2022-11-25,0.00902819127590182
2022-11-28,-0.0005890328332142092
2022-11-29,-0.0005439104619366919
2022-11-30,6.798987224021502e-05
2022-12-01,0.0018368953364202856
2022-12-02,0.008600936146262672
2022-12-05,-0.0195687229587711
2022-12-06,0.0031128532817530363
2022-12-07,0.005476419497146834
2022-12-08,0.005174075092451824
2022-12-09,-0.018332417456610295
2022-12-12,0.005151583092993572
2022-12-13,0.0003204461387618096
2022-12-14,0.0028590239288392993
2022-12-15,-0.019728918743499246
2022-12-16,0.003024759759125306
2022-12-19,0.003665170426675468
2022-12-20,0.006216987316830291
2022-12-21,0.014425022843708168
2022-12-22,-0.013087641760180735
2022-12-23,0.002454808188297797
2022-12-27,-0.0017850249398644324
2022-12-28,-0.013687863748172213
2022-12-29,-0.0007925805385009532
2022-12-30,0.00027996053271683863
2023-01-03,-0.0104254452334267
2023-01-04,-0.0019091266159140252
2023-01-05,-0.02066226013681105
2023-01-06,0.0283076481791269
2023-01-09,0.004056554771937559
2023-01-10,0.021555275184294453
2023-01-11,-0.009029858790868817
2023-01-12,0.0060209534019530775
2023-01-13,0.00811770972616288
2023-01-17,-0.0032528271552406673
2023-01-18,-0.027863963315697515
2023-01-19,-0.04082262365662881
2023-01-20,0.00489475336613876
2023-01-23,-0.0030686234160127723
2023-01-24,0.01790695333027803
2023-01-25,-0.007271985595744823
2023-01-26,0.018276729485745324
2023-01-27,-0.007169915094789148
2023-01-30,0.005786802260638435
2023-01-31,0.0053258776956723874
2023-02-01,0.009814631125978801
2023-02-02,-0.04787009550703758
2023-02-03,-0.0012050990413080553
2023-02-06,0.010269321602273118
2023-02-07,-0.0017307245322132347
2023-02-08,-0.00446855787408329
2023-02-09,0.0007847441337216488
2023-02-10,0.023970034087875014
2023-02-13,-0.005888200443608382
2023-02-14,-0.014494485058419215
2023-02-15,0.0017837229891555229
2023-02-16,-0.01726685844871123
2023-02-17,0.07531763915852774
2023-02-21,-0.014169840720032245
2023-02-22,-0.0017792097476545532
2023-02-23,-0.003189430231769541
2023-02-24,-0.017950807318265927
2023-02-27,0.010085850492882464
2023-02-28,-0.005668541263799232
2023-03-01,0.0012164913620971163
2023-03-02,0.0037877966493731208
2023-03-03,0.02121816493285933
2023-03-06,-0.010621016567904484
2023-03-07,-0.01775846263629266
2023-03-08,0.014683715788214258
2023-03-09,-0.006764475824073468
2023-03-10,-0.0604857863711693
2023-03-13,0.005783847979101475
2023-03-14,0.010622372640733735
2023-03-15,-0.029742938304988975
2023-03-16,0.0016133285396708885
2023-03-17,-0.014343762714507768
2023-03-20,0.023346258522865426
2023-03-21,0.020506957076677157
2023-03-22,-0.0189274549483317
2023-03-23,-0.007899405862192732
2023-03-24,-0.013653050341056017
2023-03-27,0.01684352377533571
2023-03-28,0.0059540400220212675
2023-03-29,0.013760009157990805
2023-03-30,0.010411923836301629
2023-03-31,0.022739681553616276
2023-04-03,0.005110327990419439
2023-04-04,-0.041759959379899625
2023-04-05,-0.059950640759007245
2023-04-06,-0.01115518259145254
2023-04-10,0.020776187191519524
2023-04-11,0.009275770026431873
2023-04-12,0.009348203603985361
2023-04-13,0.0009104500121306369
2023-04-14,0.007875582598544373
2023-04-17,0.00941277926707218
2023-04-18,0.01346379051703872
2023-04-19,-0.00988184938673875
2023-04-20,-0.006135944204571309
2023-04-21,-0.009375912779023388
2023-04-24,0.0034653266501976088
2023-04-25,-0.02208549048213071
2023-04-26,-0.012807447910638592
2023-04-27,-0.007367533098853296
2023-04-28,0.016592785670947574
2023-05-01,0.010845801131753152
2023-05-02,0.004396501201961556
2023-05-03,-0.004116704623467471
2023-05-04,-0.022578484994908332
2023-05-05,0.02007544928147098
2023-05-08,-0.0022042330832220403
2023-05-09,0.0031294651531112994
2023-05-10,-0.0027525569044162257
2023-05-11,-0.01997962496686989
2023-05-12,0.0031921742838756373
2023-05-15,-0.010080753015232702
2023-05-16,-0.020339841291657335
2023-05-17,0.01486159644779006
2023-05-18,0.006656331604003585
2023-05-19,-0.018811386489011706
2023-05-22,-0.008389392028630316
2023-05-23,-5.5495884128120565e-05
2023-05-24,-0.01775416231305693
2023-05-25,0.0022593726325836894
2023-05-26,0.006565482146075441
2023-05-30,-0.01842031430437996
2023-05-31,-0.013261819373788342
2023-06-01,0.019047163733304284
2023-06-02,0.05247212166650739
2023-06-05,-0.019996461133945043
2023-06-06,0.027609040509362526
2023-06-07,0.02175603099281931
2023-06-08,-0.0027499820942145092
2023-06-09,-0.004989962899008993
2023-06-12,0.021801603512046297
2023-06-13,0.028698454025651632
2023-06-14,0.0020339142885781314
2023-06-15,0.018719364515720427
2023-06-16,0.0027305351909425735
2023-06-20,0.0008587749900546005
2023-06-21,0.021103907637381125
2023-06-22,-0.0021603938532763767
2023-06-23,-0.02703944051029772
2023-06-26,0.014192354383301575
2023-06-27,-0.0016578266909021977
2023-06-28,-0.01052487749724551
2023-06-29,-0.005743379050110131
2023-06-30,0.008864017497492105
2023-07-03,0.0031835851959800543
2023-07-05,-0.004477491998683303
2023-07-06,-0.008624480874011575
2023-07-07,0.010245088709318173
2023-07-10,0.004465949518015266
2023-07-11,0.01648278097415168
2023-07-12,-0.014813799960909813
2023-07-13,0.004611576956538022
2023-07-14,0.01235489706399795
2023-07-17,0.014447370940900317
2023-07-18,0.026058129622073434
2023-07-19,0.010682217228737079
2023-07-20,0.007932583946021143
2023-07-21,-0.0061415758839052925
2023-07-24,0.012954120434085059
2023-07-25,0.00845017787924629
2023-07-26,-0.029977745133397238
2023-07-27,-0.01000117524328259
2023-07-28,-0.003522949440589951
2023-07-31,0.00582993171865831
2023-08-01,0.00893847674342263
2023-08-02,-0.006713777846054869
2023-08-03,-0.015306627913678317
2023-08-04,0.00023582115140130533
2023-08-07,0.017144740643077805
2023-08-08,-0.0019707743119330434
2023-08-09,0.013078923959929378
2023-08-10,-0.003485506812669903
2023-08-11,0.0011506251428794467
2023-08-14,0.005907069489571759
2023-08-15,-0.013618564084301843
2023-08-16,-0.017929860598966396
2023-08-17,-0.01127518490993562
2023-08-18,-0.05281990029470984
2023-08-21,-0.015691870000318797
2023-08-22,-0.014278883778185314
2023-08-23,0.023545671136506963
2023-08-24,-0.019377060531367563
2023-08-25,0.00923326252340595
2023-08-28,0.011481122517438713
2023-08-29,0.02384148394970409
2023-08-30,0.0226923281997935
2023-08-31,-0.005638023736791342
2023-09-01,0.019370330133454017
2023-09-05,-0.010670873893271149
2023-09-06,-0.00033771048359143574
2023-09-07,-0.006179248079532518
2023-09-08,-0.02931540803364341
2023-09-11,0.0017765751268636887
2023-09-12,0.004720607191179171
2023-09-13,-7.456706401676172e-05
2023-09-14,0.02349389066700569
2023-09-15,0.0010446184525760849
2023-09-18,-0.0030818078374376112
2023-09-19,-0.02957340712089518
2023-09-20,0.009129718194230252
2023-09-21,-0.036512148414964196
2023-09-22,-0.017464649368470808
2023-09-25,0.009242021622030805
2023-09-26,-0.012383323389153156
2023-09-27,0.012459415312437327
2023-09-28,0.004490838994073654
2023-09-29,-0.01910437848434221
2023-10-02,-0.009380487259522674
2023-10-03,-0.0028353104571182675
2023-10-04,0.011320258880710865
2023-10-05,-0.003474706182933107
2023-10-06,0.007585966104332487
2023-10-09,0.011623593094370888
2023-10-10,0.020629873623644546
2023-10-11,-0.0037867376494791216
2023-10-12,-0.018183728404662203
2023-10-13,-0.004237748497977645
2023-10-16,0.02595509901808657
2023-10-17,0.0014850200505756028
2023-10-18,-0.02272960793106793
2023-10-19,-0.002249919672045797
2023-10-20,-0.01630961581405399
2023-10-23,-0.005011418522275601
2023-10-24,0.000803779322412268
2023-10-25,-0.0044435433230183286
2023-10-26,-0.006372453147885149
2023-10-27,-0.022704016079971634
2023-10-30,0.018413335043487633
2023-10-31,-0.006634023719747195
2023-11-01,0.013986290748623897
2023-11-02,0.008340669979020277
2023-11-03,0.0231288789464974
2023-11-06,-0.010334948807998456
2023-11-07,-0.02382031419563302
2023-11-08,0.0003521963063379818
2023-11-09,0.0006767753362628692
2023-11-10,0.011823068468373776
2023-11-13,-0.011310581115918983
2023-11-14,0.014063299236254378
2023-11-15,0.0157616465293402
2023-11-16,-0.006065009207013472
2023-11-17,0.01476637923258517
2023-11-20,-0.00994404250817249
2023-11-21,0.006099872199267109
2023-11-22,-0.031072594192602
2023-11-24,-0.0015374855488767825
2023-11-27,-0.02155650541201748
2023-11-28,-0.006046166753090665
2023-11-29,0.010888290310824722
2023-11-30,0.0012913587836047569
2023-12-01,0.012074298566066455
2023-12-04,0.00032545066643141496
2023-12-05,-0.021115088489963352
2023-12-06,0.012183626073906106
2023-12-07,-0.01181812118193537
2023-12-08,0.006782682186889932
2023-12-11,-0.007259387868792655
2023-12-12,-0.0045425751882062215
2023-12-13,0.04902754477000504
2023-12-14,0.03026435422030982
2023-12-15,-0.006050099071651438
2023-12-18,-0.008573563936552953
2023-12-19,0.029208861191634572
2023-12-20,-0.01695687397773038
2023-12-21,0.01569996576457333
2023-12-22,0.008847410515742116
2023-12-26,0.01121409746111457
2023-12-27,0.0009220972150354445
2023-12-28,-0.002274052732588183
2023-12-29,0.0015277175290902
2024-01-02,0.0026008787041134074
2024-01-03,-0.018857021738327262
2024-01-04,-0.0024405629570506404
2024-01-05,0.009098070206502218
2024-01-08,0.005101519264679277
2024-01-09,-0.011960398882119638
2024-01-10,0.0012461811218071883
2024-01-11,-0.008864563748204213
2024-01-12,-0.00950731764581969
2024-01-16,-0.0030012386896852705
2024-01-17,-0.017490562296932577
2024-01-18,0.007342676551346239
2024-01-19,0.0034871412636845456
2024-01-22,0.004886250000101899
2024-01-23,0.007462267837943459
2024-01-24,0.002451909100771976
2024-01-25,0.011843303953754658
2024-01-26,0.0015520125341674795
2024-01-29,0.010314476051631827
2024-01-30,-0.0018859467600154112
2024-01-31,-0.008439671152463024
2024-02-01,0.0002540156619750267
2024-02-02,-0.0027433219995286473
2024-02-05,-0.016734602388179254
2024-02-06,0.007434755648931146
2024-02-07,-0.007585481804786576
2024-02-08,-0.0003111518906012689
2024-02-09,-0.011766592382399299
2024-02-12,0.021243615440908803
2024-02-13,-0.0259893864812778
2024-02-14,0.014527915511259426
2024-02-15,-0.05228966975798499
2024-02-16,-0.010914354585557895
2024-02-20,-0.009149303986993207
2024-02-21,-0.00025173615049789433
2024-02-22,-0.0014274459052114885
2024-02-23,0.02208637366871158
2024-02-26,-0.003976358203523156
2024-02-27,-0.007020642519463882
2024-02-28,0.011506714527008688
2024-02-29,0.0006577666859253206
2024-03-01,0.007670181675415666
2024-03-04,-0.009324388729147648
2024-03-05,0.0063387748081706885
2024-03-06,-0.00027261334499295575
2024-03-07,0.02370230942482121
2024-03-08,-0.0032505770952089286
2024-03-11,0.0025395558369689653
2024-03-12,-0.006399157499277441
2024-03-13,0.016637532992432202
2024-03-14,0.003642631614081626
2024-03-15,0.008310804997849974
2024-03-18,0.005007768515639999
2024-03-19,0.016091124796516976
2024-03-20,0.006487671854366939
2024-03-21,0.00911046955760364
2024-03-22,0.0030680398736959713
2024-03-25,-0.0020809054409235417
2024-03-26,0.0012309649740636086
2024-03-27,0.030449740455200658
2024-03-28,0.0039106768867673836
2024-04-01,-0.016068598647279275
2024-04-02,-0.00034640522323114986
2024-04-03,0.005024693193254937
2024-04-04,0.002659862837359972
2024-04-05,0.013337907181908859
2024-04-08,-0.004338899100657323
2024-04-09,0.0017772967118081517
2024-04-10,0.0011907155596473373
2024-04-11,0.0021118549323158042
2024-04-12,-0.03771443364682636
2024-04-15,-0.00873450076970217
2024-04-16,-0.0020060626056896957
2024-04-17,0.009846911981998607
2024-04-18,0.009373103356442147
2024-04-19,-0.0006987776045267458
2024-04-22,-0.0017736992852506184
2024-04-23,-0.006005871056168899
2024-04-24,-0.006520538829095424
2024-04-25,-0.0014190484580957063
2024-04-26,-0.0018524147027877413
2024-04-29,0.019398496834505563
2024-04-30,-0.023817999317192196
2024-05-01,-0.009989482582760112
2024-05-02,0.021832378804841124
2024-05-03,0.012627543223989512
2024-05-06,0.0021946399118393245
2024-05-07,0.009282304574729672
2024-05-08,-0.00036977418188710587
2024-05-09,0.008830273629892638
2024-05-10,-0.002713928178401659
2024-05-13,0.0002451901522373401
2024-05-14,0.01174050330476284
2024-05-15,0.0030039939096697665
2024-05-16,-0.047316689541936796
2024-05-17,0.006566654743668909
2024-05-20,-0.013953980833290136
2024-05-21,-0.012107864786885858
2024-05-22,-0.0018876365789055605
2024-05-23,-0.017538390759302858
2024-05-24,-0.011285844907618858
2024-05-28,-0.015174897737374904
2024-05-29,-0.011617393908901041
2024-05-30,0.009233399455422786
2024-05-31,0.017401840260527823
2024-06-03,-0.017718094765941217
2024-06-04,0.003395696932740666
2024-06-05,0.004385739504013886
2024-06-06,0.0007548007269133628
2024-06-07,-0.007245408397533959
2024-06-10,-0.0007597360302936673
2024-06-11,-0.008606990296700312
2024-06-12,0.013584163356105572
2024-06-13,0.021238114754339232
2024-06-14,0.00013218336002207565
2024-06-17,0.003227625827187497
2024-06-18,0.009334990578657054
2024-06-20,-0.0032136235364745858
2024-06-21,-0.017010382693301684
2024-06-24,0.008345775423387991
2024-06-25,-0.02300542039061615
2024-06-26,0.018350351947308274
2024-06-27,0.0014353188687785678
2024-06-28,-0.004502793343075906
2024-07-01,-0.03383035250217947
2024-07-02,0.010969997793312425
2024-07-03,-0.005918760921134414
2024-07-05,-0.007607629808990324
2024-07-08,-0.013971090270763153
2024-07-09,-0.017352120435986773
2024-07-10,0.007711269679835153
2024-07-11,0.028646259991645273
2024-07-12,0.010315249908124269
2024-07-15,0.01735424124803675
2024-07-16,0.015712790130397725
2024-07-17,0.020184864376717293
2024-07-18,-0.011658337732842528
2024-07-19,-0.006778087573896419
2024-07-22,0.0031477261192587314
2024-07-23,-0.020382513531887247
2024-07-24,-0.005733042982661751
2024-07-25,0.033298005943379616
2024-07-26,0.012732808612440971
2024-07-29,-0.025300683650144595
2024-07-30,-0.013270594218902643
2024-07-31,0.0005648107189004659
2024-08-01,-0.037824617154280316
2024-08-02,-0.01162306679971159
2024-08-05,-0.025187306456993186
2024-08-06,0.0035379239112125482
2024-08-07,-0.00023108329685395113
2024-08-08,0.009133477960748149
2024-08-09,-0.008907659605133622
2024-08-12,-0.002947730044845165
2024-08-13,0.016173392139905873
2024-08-14,0.0019681350322826585
2024-08-15,0.06257125607237635
2024-08-16,0.012484516234945398
2024-08-19,-0.013256661946562942
2024-08-20,-0.0008582778458338103
2024-08-21,0.011970311733114913
2024-08-22,-0.0012200122723516893
2024-08-23,0.012188317163326579
2024-08-26,0.005010743338338619
2024-08-27,-0.018559613760852134
2024-08-28,0.005239729756803646
2024-08-29,0.01023945336303611
2024-08-30,0.010266489085087427
2024-09-03,-0.00012940980144859893
2024-09-04,0.01623055482426028
2024-09-05,-0.021074078264702756
2024-09-06,-0.005551441554355274
2024-09-09,0.014860152480117517
2024-09-10,0.00018062041995370315
2024-09-11,0.0033307262634114654
2024-09-12,-0.004091628066740016
2024-09-13,0.019845029926041535
2024-09-16,-5.0732536265307715e-05
2024-09-17,0.00815894282772578
2024-09-18,0.008017543110492076
2024-09-19,0.021592197619763276
2024-09-20,-0.009372057565481096
2024-09-23,0.0075390108758564
2024-09-24,0.004743891030430936
2024-09-25,-0.009637683970220579
2024-09-26,0.011156677784887714
2024-09-27,0.01586996081811498
2024-09-30,0.0019206042162671633
2024-10-01,-0.002132623463823924
2024-10-02,0.00012011462282224272
2024-10-03,-0.018607903955383698
2024-10-04,-0.0018349062700150354
2024-10-07,-0.004779450697642851
2024-10-08,-0.01418589192659081
2024-10-09,0.012990925173999912
2024-10-10,0.0006905037368885036
2024-10-11,0.013111202162181756
2024-10-14,-0.00817361731215871
2024-10-15,-0.014053695002203659
2024-10-16,0.018358594031868902
2024-10-17,-0.01033280999955477
2024-10-18,0.008861073026306343
2024-10-21,-0.004330545017455001
2024-10-22,-0.000761649251388441
2024-10-23,0.004893635157426912
2024-10-24,0.005946490490678968
2024-10-25,-0.007638542594970876
2024-10-28,0.0108351203501591
2024-10-29,-0.015302431512399517
2024-10-30,-0.003324793499153711
2024-10-31,0.0
2024-11-01,-0.010551365886861008
2024-11-04,0.0031467250469470187
2024-11-05,-0.0032613057614456764
2024-11-06,0.013337624180908225
2024-11-07,0.013433283950917474
2024-11-08,-0.04158962467511851
2024-11-11,0.021798692446271195
2024-11-12,-0.022103601970037356
2024-11-13,-0.010920576719608666
2024-11-14,0.013326446305532702
2024-11-15,0.010921345044845765
2024-11-18,0.013986722658597461
2024-11-19,-0.010975739632204662
2024-11-20,0.012172265013421057
2024-11-21,0.0804524384476728
2024-11-22,0.020820875598006605
2024-11-25,0.03591185702672406
2024-11-26,-0.003566100529989513
2024-11-27,0.010758261589181473
2024-11-29,-0.0002146142155612374
2024-12-02,-0.006331783384142198
2024-12-03,-0.007992241372763775
2024-12-04,-0.006510629396879075
2024-12-05,-0.017840690627961564
2024-12-06,-0.00919396993168975
2024-12-09,0.012184659392414643
2024-12-10,-0.012126981660998126
2024-12-11,0.0091675198461032
2024-12-12,-0.019083532303680095
2024-12-13,0.0021844265055912526
2024-12-16,-0.004586399253326379
2024-12-17,0.01179234814852892
2024-12-18,-0.039653777320082684
2024-12-19,0.0014788869683410866
2024-12-20,0.013735601259372121
2024-12-23,-0.0002543457506397617
2024-12-24,0.001063930702214222
2024-12-26,0.0023102736070441665
2024-12-27,-0.008712969931105263
2024-12-30,-0.012602848290180435
2024-12-31,0.0016075189036888204
