Date,KKR
2015-01-05,-0.00638552245174151
2015-01-06,-0.009854544016836386
2015-01-07,0.018606543156163946
2015-01-08,-0.005946722772452562
2015-01-09,0.014529597480507306
2015-01-12,-0.011373460366820076
2015-01-13,0.010652133438615818
2015-01-14,-0.0202363259015651
2015-01-15,-0.018502251097307743
2015-01-16,0.006137685525420489
2015-01-20,0.013507598992026137
2015-01-21,0.008168496874585873
2015-01-22,0.0243070446827236
2015-01-23,0.00999148236092684
2015-01-26,0.014427055152577806
2015-01-27,0.0004063478899385409
2015-01-28,-0.00934170419406577
2015-01-29,-0.004920359035072264
2015-01-30,-0.010712339955632255
2015-02-02,0.0016654948154575244
2015-02-03,0.01496863371398427
2015-02-04,-0.005735179243177457
2015-02-05,0.017305393744650566
2015-02-06,0.0012149937301606517
2015-02-09,0.010517832785063685
2015-02-10,-0.028422774410149176
2015-02-11,0.0
2015-02-12,0.00370866900362965
2015-02-13,0.0024631078246264426
2015-02-17,-0.0024570558311831636
2015-02-18,0.0008324814216056353
2015-02-19,0.007074709809989033
2015-02-20,0.0016527957240153324
2015-02-23,-0.011138639563820885
2015-02-24,-0.006674721636339087
2015-02-25,-0.01049991359104585
2015-02-26,-0.0029714536278478976
2015-02-27,-0.027245186490119533
2015-03-02,0.032822717055022155
2015-03-03,-0.005508795070226613
2015-03-04,0.012782512943690705
2015-03-05,-0.004207401872050376
2015-03-06,0.0016900099136152313
2015-03-09,-0.018557308620478885
2015-03-10,-0.01933814162840697
2015-03-11,0.0021910651432655026
2015-03-12,0.0069957605833355085
2015-03-13,-0.006947159915830281
2015-03-16,0.003497827123504438
2015-03-17,0.0026143851797251205
2015-03-18,-0.0021728676378109935
2015-03-19,-0.006532797818396996
2015-03-20,0.01359023670247761
2015-03-23,0.0
2015-03-24,-0.004325163883203809
2015-03-25,-0.008254026810612158
2015-03-26,-0.010512189762042157
2015-03-27,0.0026561558697244525
2015-03-30,0.00529780931472601
2015-03-31,0.0017570217589377712
2015-04-01,0.011836616502410413
2015-04-02,-0.005632700154628689
2015-04-06,-0.0043569907358447235
2015-04-07,-0.010503622803177737
2015-04-08,-0.004422832226011919
2015-04-09,-0.0013328522086539785
2015-04-10,0.00978682576222023
2015-04-13,0.0074890028304452905
2015-04-14,-0.0034983588051369363
2015-04-15,0.006143060272269629
2015-04-16,0.01875319566353828
2015-04-17,-0.010702284174888166
2015-04-20,0.003894321375012
2015-04-21,-0.0017241419071097885
2015-04-22,0.009067378459515885
2015-04-23,0.007273987738667165
2015-04-24,-0.006371839068525675
2015-04-27,-0.0051303053687346
2015-04-28,0.0021484849982802423
2015-04-29,-0.0034303313918704337
2015-04-30,-0.011852745428732825
2015-05-01,0.004886794968420594
2015-05-04,0.006631155915522324
2015-05-05,0.0021959640366919775
2015-05-06,-0.006572830275006547
2015-05-07,-0.007498956638100296
2015-05-08,0.005333089234688337
2015-05-11,0.0013262522598189719
2015-05-12,0.0013246008884697513
2015-05-13,0.0039680204020973164
2015-05-14,0.00614872024060964
2015-05-15,0.0043647762174270355
2015-05-18,0.004780606067638082
2015-05-19,0.0
2015-05-20,-0.005190280915448375
2015-05-21,-0.000869663722772196
2015-05-22,-0.0017405301941896267
2015-05-26,-0.00043612503581114126
2015-05-27,0.002180640989521976
2015-05-28,0.0008704206960752359
2015-05-29,-0.0021740038432690456
2015-06-01,-0.00348550689939664
2015-06-02,0.0021859440835252375
2015-06-03,0.01178034811454931
2015-06-04,0.0008622298901428405
2015-06-05,0.0017234877039868923
2015-06-08,-0.007741889445490591
2015-06-09,-0.009536550352797768
2015-06-10,0.008753207535989516
2015-06-11,0.01127975763878597
2015-06-12,-0.009009261444680616
2015-06-15,-0.005627569912241892
2015-06-16,-0.002612087291245735
2015-06-17,-0.0052378563204195094
2015-06-18,0.00965319458411118
2015-06-19,-0.00043448753624741876
2015-06-22,0.005652140522152793
2015-06-23,0.006485149269944035
2015-06-24,0.0004294483176254804
2015-06-25,-0.0012880989685791766
2015-06-26,-0.007308744226439456
2015-06-29,-0.012992459151889735
2015-06-30,0.0026324041662422193
2015-07-01,0.007877730298136987
2015-07-02,0.010420921253408766
2015-07-06,-0.005156825264141296
2015-07-07,-0.003023535032765312
2015-07-08,-0.028596328674813543
2015-07-09,0.017395401969369395
2015-07-10,0.015782457498558777
2015-07-13,0.014674370197467645
2015-07-14,0.013185798131407855
2015-07-15,0.009235880731144785
2015-07-16,0.004160006504813074
2015-07-17,0.0004140501341343139
2015-07-20,-0.016149168501466638
2015-07-21,0.018518408901678107
2015-07-22,-0.004545329625543215
2015-07-23,0.007472034665190197
2015-07-24,-0.006180334467239312
2015-07-27,-0.015340268156967873
2015-07-28,0.01894735848975171
2015-07-29,0.01652882955890589
2015-07-30,-0.005789670088225951
2015-07-31,-0.005823580501034598
2015-08-03,0.003765687956416075
2015-08-04,-0.0020845476835277266
2015-08-05,-0.005847908000221946
2015-08-06,-0.023109148351196707
2015-08-07,-0.010752963413923733
2015-08-10,0.011739434193419607
2015-08-11,-0.02105668677330108
2015-08-12,-0.00614610183229003
2015-08-13,0.004417073583188547
2015-08-14,0.0052769725381873744
2015-08-17,-0.02930896642204095
2015-08-18,-0.013068861564128453
2015-08-19,-0.018264663331864717
2015-08-20,-0.05720944100938452
2015-08-21,-0.03552079894430893
2015-08-24,-0.0439895250622474
2015-08-25,0.011235990975453136
2015-08-26,0.034391232823862694
2015-08-27,0.04040952931694175
2015-08-28,-0.021140571860653434
2015-08-31,-0.04118543945116204
2015-09-01,-0.02985834506304097
2015-09-02,0.0
2015-09-03,0.022677810705686197
2015-09-04,-0.010559685735597513
2015-09-08,0.03948805370924946
2015-09-09,-0.029260921500536496
2015-09-10,-0.028556428768086395
2015-09-11,0.007076809460065281
2015-09-14,-0.0054054803702011656
2015-09-15,0.026630799746616418
2015-09-16,0.0037055720829248795
2015-09-17,0.0263711126743984
2015-09-18,-0.031859897435564055
2015-09-21,0.0
2015-09-22,-0.021762570937463366
2015-09-23,-0.02387390350981744
2015-09-24,-0.018899542937119707
2015-09-25,-0.011331468827608271
2015-09-28,-0.05329514944639924
2015-09-29,-0.02360771431414166
2015-09-30,0.04029737767042585
2015-10-01,0.02264603203272708
2015-10-02,0.016317504561731422
2015-10-05,0.04701825987840724
2015-10-06,0.004381015403166044
2015-10-07,0.015267117545134434
2015-10-08,0.0075188632222753515
2015-10-09,-0.004797501150306194
2015-10-12,-0.017139543953256453
2015-10-13,-0.024523206167029854
2015-10-14,-0.016201265876883864
2015-10-15,0.005110862758792134
2015-10-16,0.005649331226858401
2015-10-19,-0.03202217710261146
2015-10-20,-0.01509013912548951
2015-10-21,0.004714322273716043
2015-10-22,0.019941170201633218
2015-10-23,0.023001978681493895
2015-10-26,-0.0011243873787812886
2015-10-27,-0.009566732357231156
2015-10-28,-0.042613330581991904
2015-10-29,0.026705794895512724
2015-10-30,-0.008670201599523253
2015-11-02,0.06880484201374037
2015-11-03,0.031096325453261686
2015-11-04,-0.005390813859290966
2015-11-05,0.023306425332056957
2015-11-06,0.005826136864976572
2015-11-09,-0.0410745411630955
2015-11-10,-0.009335709130044334
2015-11-11,-0.0011082865003463338
2015-11-12,-0.006659075061180353
2015-11-13,-0.01508414701885108
2015-11-16,0.0011345821432970915
2015-11-17,-0.02152969857223297
2015-11-18,0.01215971254309589
2015-11-19,0.00343269131971935
2015-11-20,-0.0051313568349804495
2015-11-23,-0.02005755808111176
2015-11-24,-0.004092974103225844
2015-11-25,0.0035230579378588978
2015-11-27,0.0005846775984108543
2015-11-30,-0.011110721105528687
2015-12-01,0.0005912412789361721
2015-12-02,-0.020094470671951137
2015-12-03,-0.012062608638723882
2015-12-04,-0.00305249049571521
2015-12-07,-0.010410343437051828
2015-12-08,-0.008663459153444797
2015-12-09,-0.017478197650945493
2015-12-10,0.0425669362078549
2015-12-11,-0.07373558561575977
2015-12-14,-0.04934220629251873
2015-12-15,0.053979071731623085
2015-12-16,0.009848944646457802
2015-12-17,0.024707438375882074
2015-12-18,-0.012690161079551565
2015-12-21,0.018637516603823068
2015-12-22,-0.00883268527372405
2015-12-23,0.030553632440488254
2015-12-24,-0.009264870642587852
2015-12-28,-0.014962876684872062
2015-12-29,-0.008860638632017692
2015-12-30,-0.0031928355484101
2015-12-31,-0.0012812544242465362
2016-01-04,0.012187163584042926
2016-01-05,-0.02091229401727035
2016-01-06,-0.020064659166262877
2016-01-07,-0.04293283311342766
2016-01-08,-0.022774048478492404
2016-01-11,-0.033898537684981855
2016-01-12,-0.010233861233195585
2016-01-13,-0.016248207933853287
2016-01-14,0.04729742270128168
2016-01-15,-0.03655933831653835
2016-01-19,-0.02008915738350303
2016-01-20,0.034168429483807605
2016-01-21,0.055066205929935386
2016-01-22,0.0027836299068497716
2016-01-25,-0.07009034930110492
2016-01-26,0.025373104999529383
2016-01-27,-0.0254727226334871
2016-01-28,0.010455159370528211
2016-01-29,0.007391209940837751
2016-02-01,0.020542888154046368
2016-02-02,-0.03810223060572948
2016-02-03,-0.009715836468834782
2016-02-04,0.029434000971596097
2016-02-05,0.013929461479523342
2016-02-08,-0.06507575292110612
2016-02-09,-0.023974994059586252
2016-02-10,-0.07210783671023102
2016-02-11,-0.04953045935996048
2016-02-12,0.07277620987195932
2016-02-16,0.045226121942550046
2016-02-17,0.00961538284355945
2016-02-18,0.02974280371293636
2016-02-19,0.0007804902084680432
2016-02-22,0.02652093056946936
2016-02-23,-0.011397974592475046
2016-02-24,-0.029976857982216054
2016-02-25,-0.02852606771027999
2016-02-26,0.006525235481746883
2016-02-29,0.04051830711635018
2016-03-01,0.009346035673321262
2016-03-02,-0.013889025149123158
2016-03-03,0.015649469784870584
2016-03-04,0.03389809755039508
2016-03-07,0.03949375954847456
2016-03-08,-0.04372774172400251
2016-03-09,0.011993912921969274
2016-03-10,0.02074071295922253
2016-03-11,0.026850546304591827
2016-03-14,-0.0028268742312542727
2016-03-15,-0.011339230587151361
2016-03-16,0.028673778247390924
2016-03-17,0.04808340637253061
2016-03-18,-0.017286785368957558
2016-03-21,0.010148741286940544
2016-03-22,-0.0040188181026491465
2016-03-23,-0.04505743623366476
2016-03-24,-0.021126624316256226
2016-03-28,0.014388421638177773
2016-03-29,0.01914912529164048
2016-03-30,0.009046545802206651
2016-03-31,0.013103358806345167
2016-04-01,-0.023144881281381924
2016-04-04,-0.02439022653661771
2016-04-05,-0.0449998698525782
2016-04-06,0.007479267396057532
2016-04-07,-0.012620827036263993
2016-04-08,-0.018796714590973762
2016-04-11,0.010728082604574585
2016-04-12,0.0068228997353998455
2016-04-13,0.03765064618214842
2016-04-14,-0.005079510230982298
2016-04-15,-0.00291743170619696
2016-04-18,0.020482606588805297
2016-04-19,0.02939048639312447
2016-04-20,0.03133711958309093
2016-04-21,0.004051458598683055
2016-04-22,0.004707247212396348
2016-04-25,-0.030120475519187284
2016-04-26,0.00207038769745016
2016-04-27,-0.010330393873631105
2016-04-28,-0.03131538555063318
2016-04-29,-0.022988659482561014
2016-05-02,-0.011764619462499293
2016-05-03,0.016566263024880623
2016-05-04,-0.008147814799593811
2016-05-05,-0.016430415582811886
2016-05-06,0.0
2016-05-09,-0.009111375374356356
2016-05-10,-0.0038315799860803024
2016-05-11,-0.011538520943559227
2016-05-12,0.010116411756613264
2016-05-13,-0.02388260814369314
2016-05-16,0.026835053891177463
2016-05-17,0.009223860189800481
2016-05-18,0.0
2016-05-19,-0.02361026900868768
2016-05-20,0.017940992749981843
2016-05-23,0.0007660409376333277
2016-05-24,0.024502104527665436
2016-05-25,0.014200336736327035
2016-05-26,-0.01105377192752599
2016-05-27,0.0074517161808060894
2016-05-31,-0.0007395769145471798
2016-06-01,0.008882404844335223
2016-06-02,0.002200824268025592
2016-06-03,-0.00878486840311643
2016-06-06,0.03692770862251593
2016-06-07,0.002136555642525906
2016-06-08,-0.011371546331786386
2016-06-09,-0.01941048572664006
2016-06-10,-0.019794546199473073
2016-06-13,-0.019446912002534456
2016-06-14,-0.02974795089997495
2016-06-15,-0.0023586261730077496
2016-06-16,-0.022064710870929205
2016-06-17,0.0040292715819616465
2016-06-20,0.025681978367223968
2016-06-21,0.023474215490568495
2016-06-22,-0.005351618752542753
2016-06-23,0.018447461718350544
2016-06-24,-0.06264166571707852
2016-06-27,-0.03542663494519516
2016-06-28,0.0025039431345919017
2016-06-29,0.039134291369224306
2016-06-30,-0.011217815047256385
2016-07-01,0.0
2016-07-05,-0.022690436864653662
2016-07-06,-0.004975409893245186
2016-07-07,0.007500152134325422
2016-07-08,0.017369612854608363
2016-07-11,0.01463426022696468
2016-07-12,0.0
2016-07-13,-0.00641029558959727
2016-07-14,0.013709682599028383
2016-07-15,0.02227526160481652
2016-07-18,0.005447406076917849
2016-07-19,0.010835958873573581
2016-07-20,0.04747321402881011
2016-07-21,0.012426823262466025
2016-07-22,0.01805074501752446
2016-07-25,-0.012766054267106974
2016-07-26,0.03951148441145169
2016-07-27,0.017277163230746018
2016-07-28,-0.0027173697683450238
2016-07-29,-0.01634894956864308
2016-08-01,0.007617805299293456
2016-08-02,-0.028178646576614397
2016-08-03,0.020028390655675965
2016-08-04,0.01612922668916883
2016-08-05,0.009661767345315875
2016-08-08,0.015721384360561474
2016-08-09,0.0006728093450867334
2016-08-10,-0.016139998221964436
2016-08-11,0.01230361630273702
2016-08-12,-0.0020255422457241545
2016-08-15,0.00947211603353404
2016-08-16,-0.010053563703343649
2016-08-17,-0.0060935337494953945
2016-08-18,0.025204402747354138
2016-08-19,0.002657851571944425
2016-08-22,0.0
2016-08-23,-0.00795241836817262
2016-08-24,-0.01135616147399554
2016-08-25,-0.008107945074292244
2016-08-26,-0.007493388664198575
2016-08-29,0.015785899757390087
2016-08-30,0.004054422145930214
2016-08-31,0.008748014130264936
2016-09-01,-0.014009056945947118
2016-09-02,0.001352827130318257
2016-09-06,0.002702673336363093
2016-09-07,0.010781778524508123
2016-09-08,0.018666684214063478
2016-09-09,-0.03534047117289518
2016-09-12,0.009498351232010815
2016-09-13,-0.021505508578099852
2016-09-14,-0.006181117113389645
2016-09-15,0.018658836131442147
2016-09-16,-0.026458236289629067
2016-09-19,0.0020904723413328608
2016-09-20,0.0
2016-09-21,0.0020861885066052466
2016-09-22,0.004857741848093733
2016-09-23,-0.009668516538788086
2016-09-26,-0.01882861173742445
2016-09-27,-0.004264227788066344
2016-09-28,0.009279083033223667
2016-09-29,-0.006364950107158318
2016-09-30,0.014946474662342224
2016-10-03,0.0007015074243517105
2016-10-04,-0.004905477520285362
2016-10-05,0.011267481552142744
2016-10-06,-0.006963828314589637
2016-10-07,-0.0021035112313126936
2016-10-10,0.009838299153813512
2016-10-11,-0.009046698545435605
2016-10-12,-0.01685390326926195
2016-10-13,-0.01642844994398973
2016-10-14,-0.0014523763826992386
2016-10-17,-0.008000212934650808
2016-10-18,0.005865200875974974
2016-10-19,0.011661678435206824
2016-10-20,0.0007206329872686545
2016-10-21,0.00935924700614521
2016-10-24,0.03281018324860785
2016-10-25,0.02762446426648446
2016-10-26,-0.0006721286623297962
2016-10-27,-0.008069775364900056
2016-10-28,-0.016271454367626226
2016-10-31,-0.022053590154521907
2016-11-01,-0.008456956050729825
2016-11-02,0.012221613098121198
2016-11-03,-0.01349410364952397
2016-11-04,-0.01799886000431461
2016-11-07,0.0234604838683099
2016-11-08,-0.0050140940646277166
2016-11-09,-0.02015855270277722
2016-11-10,0.047024145718419286
2016-11-11,0.03438606377597697
2016-11-14,0.02645890663406658
2016-11-15,-0.005287903021438334
2016-11-16,-0.019269073994436003
2016-11-17,0.03116538422539672
2016-11-18,0.011826385934317507
2016-11-21,0.0038961473535972235
2016-11-22,-0.0012935808744067856
2016-11-23,0.0071241942106299305
2016-11-25,0.025080454910629824
2016-11-28,-0.03575915033662047
2016-11-29,-0.007156569822834524
2016-11-30,0.0026212846184272554
2016-12-01,0.024182935530039584
2016-12-02,-0.012125026098648184
2016-12-05,0.012273846811569289
2016-12-06,0.012763218510476682
2016-12-07,0.02961544565178409
2016-12-08,0.03977976787631321
2016-12-09,0.00824034010157959
2016-12-12,-0.009924260404113538
2016-12-13,-0.006485705124226859
2016-12-14,-0.01958491311514532
2016-12-15,0.00786949269577586
2016-12-16,0.0
2016-12-19,0.0
2016-12-20,0.011411690557386667
2016-12-21,-0.013064164565515068
2016-12-22,-0.016847573141861694
2016-12-23,-0.016523716730111326
2016-12-27,-0.009334334009927114
2016-12-28,-0.01947218924266836
2016-12-29,-0.008968755382025906
2016-12-30,-0.0051711915803761554
2017-01-03,0.0285901429774309
2017-01-04,0.034744073532237296
2017-01-05,0.001831455000331994
2017-01-06,0.01950023014196245
2017-01-09,0.024507255071301692
2017-01-10,-0.001750438425206724
2017-01-11,0.008182288942897742
2017-01-12,-0.0011594117782406377
2017-01-13,0.0
2017-01-17,-0.01392934542907076
2017-01-18,0.008829078718605832
2017-01-19,-0.005834645490481294
2017-01-20,0.010563497188549542
2017-01-23,-0.0017423703724833706
2017-01-24,0.025014461115592468
2017-01-25,0.00397282363376128
2017-01-26,0.006218189235478011
2017-01-27,-0.0033702698648966356
2017-01-30,-0.011274118674478029
2017-01-31,-0.010262431398553096
2017-02-01,0.012672971647166742
2017-02-02,-0.0011377727196242304
2017-02-03,0.0028473908283208615
2017-02-06,-0.007950219278393011
2017-02-07,0.02690329075733988
2017-02-08,0.023968827353915145
2017-02-09,-0.0070770926389295274
2017-02-10,-0.0038375427223500402
2017-02-13,-0.009355864824329374
2017-02-14,0.0005555819847684607
2017-02-15,0.00943916221339891
2017-02-16,-0.0005550265424271172
2017-02-17,0.01332562071920651
2017-02-21,0.0010961829039057847
2017-02-22,-0.0016418790634306069
2017-02-23,-0.002741064742632471
2017-02-24,-0.01044527301045628
2017-02-27,0.006666388935680612
2017-02-28,-0.004967131692265037
2017-03-01,0.008319577374510834
2017-03-02,-0.004950619637453912
2017-03-03,0.0
2017-03-06,-0.002763734189135336
2017-03-07,-0.007205719707190417
2017-03-08,0.005582956143330042
2017-03-09,0.0005553347679632115
2017-03-10,0.010544117192078373
2017-03-13,0.0032945168432867433
2017-03-14,-0.0005471343969797315
2017-03-15,0.009310066618148705
2017-03-16,-0.004340961229017504
2017-03-17,-0.010354317837776406
2017-03-20,0.0049556526271170576
2017-03-21,-0.017533626577742933
2017-03-22,0.016173891992661726
2017-03-23,0.0010976293663156333
2017-03-24,-0.003837848131011512
2017-03-27,-0.02696760032515888
2017-03-28,0.009615428353020095
2017-03-29,-0.004482013467349666
2017-03-30,0.033765402973308545
2017-03-31,-0.007621257169036388
2017-04-03,-0.01590784875832396
2017-04-04,0.0055739245591373
2017-04-05,-0.019955732644256097
2017-04-06,0.0
2017-04-07,-0.013009199343952504
2017-04-10,0.025215336953505307
2017-04-11,-0.0005589381475195054
2017-04-12,-0.017338292294666324
2017-04-13,-0.017074352293179884
2017-04-17,0.002316080520941677
2017-04-18,-0.015597873815692664
2017-04-19,-0.010563071947426672
2017-04-20,0.021352005554791997
2017-04-21,-0.010452972007747752
2017-04-24,0.012910796849503914
2017-04-25,0.013325698631565297
2017-04-26,0.016008879606469906
2017-04-27,0.054023800779700704
2017-04-28,0.013347532762199688
2017-05-01,-0.004214713086532984
2017-05-02,-0.008465564168348427
2017-05-03,-0.007470669581276734
2017-05-04,-0.009767056502879345
2017-05-05,0.01863035483597253
2017-05-08,0.008068950256785223
2017-05-09,0.012272767339521762
2017-05-10,-0.007380080922607224
2017-05-11,-0.007434493965799982
2017-05-12,-0.01765638649562129
2017-05-15,0.009259187574150118
2017-05-16,0.0053965237976576486
2017-05-17,-0.03757353933151242
2017-05-18,0.011711857636508505
2017-05-19,0.01708947812392214
2017-05-22,0.02113783025160365
2017-05-23,-0.007430775801206435
2017-05-24,0.002139170463922646
2017-05-25,-0.005869874188907276
2017-05-26,0.002147092419768404
2017-05-30,-0.0032134500481953987
2017-05-31,-0.01020990695657542
2017-06-01,0.01845817653761128
2017-06-02,0.001599304025502457
2017-06-05,-0.015434183477857744
2017-06-06,0.0016221304507668677
2017-06-07,0.000539640757091675
2017-06-08,0.005393729348209364
2017-06-09,0.017167060641734677
2017-06-12,-0.01318539717092937
2017-06-13,0.021378772986178074
2017-06-14,-0.026687400317541354
2017-06-15,-0.009139831137465748
2017-06-16,-0.009223904488247059
2017-06-19,0.031762907285788344
2017-06-20,-0.011676982393760804
2017-06-21,-0.003759574167848334
2017-06-22,0.011860344802764544
2017-06-23,-0.01278657755299839
2017-06-26,-0.01619003629993565
2017-06-27,-0.0016455640123691495
2017-06-28,0.018681293714113645
2017-06-29,-0.006472661080337283
2017-06-30,0.009772127123355512
2017-07-03,-0.0032257750764382864
2017-07-05,-0.005933195214273268
2017-07-06,-0.005968374416691735
2017-07-07,0.01255424614391698
2017-07-10,0.016711992677248544
2017-07-11,0.005831839973488906
2017-07-12,0.010543507964027476
2017-07-13,-0.0005218492494920568
2017-07-14,0.004697521793382897
2017-07-17,0.009869901984564278
2017-07-18,-0.015946329894643507
2017-07-19,0.016204735960119176
2017-07-20,-0.0066874922380487645
2017-07-21,0.00362523517910196
2017-07-24,-0.004127890481825824
2017-07-25,0.008290224360083087
2017-07-26,-0.007708431785508396
2017-07-27,-0.003106723046821469
2017-07-28,0.0025971718639938857
2017-07-31,0.004145000590309644
2017-08-01,0.004128112740029222
2017-08-02,-0.005652916379380035
2017-08-03,0.011470612197833407
2017-08-04,0.00618552322151622
2017-08-07,-0.0010244006840419706
2017-08-08,0.0010254511569085523
2017-08-09,-0.02049184137636062
2017-08-10,-0.03242714682999226
2017-08-11,-0.008648206788910429
2017-08-14,0.016357805401106873
2017-08-15,-0.009656697580986862
2017-08-16,-0.004333586474732476
2017-08-17,-0.019042686722106184
2017-08-18,0.00610093972089687
2017-08-21,0.0
2017-08-22,0.02756359562409383
2017-08-23,-0.003755528731077429
2017-08-24,-0.013462556277437532
2017-08-25,0.006550288816080663
2017-08-28,0.011387858168560916
2017-08-29,-0.011259635041676486
2017-08-30,0.02765753350439204
2017-08-31,0.003165753000745619
2017-09-01,-0.0015779936145834395
2017-09-05,-0.033192601851303016
2017-09-06,-0.0016350982001239744
2017-09-07,-0.0032749696186993305
2017-09-08,-0.005476606839603271
2017-09-11,0.027532768162539023
2017-09-12,0.005359211305310252
2017-09-13,-0.009594588904933699
2017-09-14,0.006458396190797355
2017-09-15,0.012299416708096533
2017-09-18,0.0005282207340171485
2017-09-19,0.007919804233205596
2017-09-20,0.008381590961318741
2017-09-21,0.00311641694779885
2017-09-22,0.021750462024856754
2017-09-25,-0.0010133892677467449
2017-09-26,0.0045662857132335866
2017-09-27,0.005555227914209038
2017-09-28,0.0040183038312469055
2017-09-29,0.017008454355589064
2017-10-02,-0.004919084390449302
2017-10-03,0.0024719117485823006
2017-10-04,0.003944780027065553
2017-10-05,0.0068762135812898695
2017-10-06,-0.009756062510777985
2017-10-09,-0.004925827600766208
2017-10-10,0.002474630179328363
2017-10-11,-0.0004935777959569343
2017-10-12,-0.010375420386412704
2017-10-13,-0.005991290221125101
2017-10-16,0.014566123544642151
2017-10-17,-0.0009902325239283805
2017-10-18,0.001981793397139109
2017-10-19,0.006924035884249058
2017-10-20,0.0009823461832405567
2017-10-23,-0.0004907434370267083
2017-10-24,0.018654996224607867
2017-10-25,-0.011084600077653772
2017-10-26,-0.010721034122983197
2017-10-27,0.00246296638068233
2017-10-30,-0.014742119901987705
2017-10-31,0.0
2017-11-01,-0.006982636783851692
2017-11-02,-0.0005025426276664691
2017-11-03,0.014698851144376857
2017-11-06,0.0024977518541784427
2017-11-07,-0.0039861716258906554
2017-11-08,-0.011505671997292022
2017-11-09,-0.013158006076435802
2017-11-10,-0.012307422127397105
2017-11-13,-0.001558051084470824
2017-11-14,-0.0015599320775218084
2017-11-15,0.0010416162568418486
2017-11-16,0.017169610859154583
2017-11-17,0.0005114300945214811
2017-11-20,-0.0030673366251268153
2017-11-21,0.0
2017-11-22,0.0010255913756980206
2017-11-24,-0.0005123245220743922
2017-11-27,-0.001025391234163342
2017-11-28,0.007183477253009718
2017-11-29,0.007641480932633282
2017-11-30,0.0070776203427656
2017-12-01,-0.0020080415161707332
2017-12-04,0.0035214360338640116
2017-12-05,-0.018546473601543045
2017-12-06,-0.019918238196246274
2017-12-07,0.02449189373706462
2017-12-08,0.01678534521672681
2017-12-11,0.009504662545780862
2017-12-12,-0.003468980341081229
2017-12-13,-0.008453361795022984
2017-12-14,-0.0005013210760348441
2017-12-15,0.008529600265919424
2017-12-18,0.026368203786092836
2017-12-19,0.006786213847503886
2017-12-20,0.006740573468959399
2017-12-21,0.011478016848582184
2017-12-22,0.0014183207654550056
2017-12-26,-0.008970941870950822
2017-12-27,0.0038115581770830076
2017-12-28,0.0028477135719884306
2017-12-29,-0.0033127146761213755
2018-01-02,0.021367034760123804
2018-01-03,0.021385848059543022
2018-01-04,0.000910095353369389
2018-01-05,-0.003183640532459231
2018-01-08,0.005018538418154694
2018-01-09,0.029051428360613363
2018-01-10,0.007939997908684271
2018-01-11,0.007877543591356284
2018-01-12,0.002171021898528025
2018-01-16,-0.012564979017254396
2018-01-17,0.002632699017065754
2018-01-18,-0.013129208443308449
2018-01-19,0.009756189588729924
2018-01-22,0.01097915293877505
2018-01-23,0.032146342104772074
2018-01-24,0.009679887425187994
2018-01-25,0.01750741952334889
2018-01-26,-0.0004096049765790477
2018-01-29,-0.006147633236670114
2018-01-30,-0.0119589259999614
2018-01-31,0.005008459029183232
2018-02-01,0.009551165116453708
2018-02-02,-0.03414195131715125
2018-02-05,-0.06558771435548383
2018-02-06,0.005925204911608084
2018-02-07,0.005437269766912056
2018-02-08,-0.050022543504385175
2018-02-09,0.0052180139859241415
2018-02-12,0.016045729705390643
2018-02-13,-0.01300546000070979
2018-02-14,0.016000223903334332
2018-02-15,0.041222407503806124
2018-02-16,-0.0035857574111066715
2018-02-20,-0.016194306735397568
2018-02-21,0.0009146426967465704
2018-02-22,-0.005025122252737879
2018-02-23,0.008264352020581622
2018-02-26,0.004553801053186035
2018-02-27,-0.023572078573087407
2018-02-28,-0.0037141333368699847
2018-03-01,-0.0013977353945949789
2018-03-02,0.006066409298501441
2018-03-05,0.01948005955103671
2018-03-06,0.013649356565692328
2018-03-07,-0.004039724666304867
2018-03-08,-0.0031548470654564342
2018-03-09,0.02667268967196401
2018-03-12,-0.0008806268294557773
2018-03-13,-0.011899357309914649
2018-03-14,-0.013381104969870439
2018-03-15,-0.01627464904155773
2018-03-16,0.009650798553963336
2018-03-19,-0.015020661943226599
2018-03-20,0.0050834674468220875
2018-03-21,0.0027583899740704076
2018-03-22,-0.03392928910900184
2018-03-23,-0.021832026366632618
2018-03-26,0.004366549645093087
2018-03-27,-0.015941920157975242
2018-03-28,-0.008345357777439277
2018-03-29,0.0049503586321970605
2018-04-02,-0.02019715275308065
2018-04-03,-0.009049653335293395
2018-04-04,0.019786964213398095
2018-04-05,0.011442492472360621
2018-04-06,-0.01573993990636835
2018-04-09,0.0
2018-04-10,0.019989874266012952
2018-04-11,-0.00881919089200589
2018-04-12,0.01730108261296537
2018-04-13,-0.012147994852608535
2018-04-16,0.019183529621081163
2018-04-17,0.012548569417264233
2018-04-18,-0.00047677145826985345
2018-04-19,0.008583876275987112
2018-04-20,0.012765485805020127
2018-04-23,-0.0051352873189676185
2018-04-24,-0.007507849837089076
2018-04-25,-0.0189129012199587
2018-04-26,0.00674706742329878
2018-04-27,-0.001435974164330056
2018-04-30,0.003835308115571534
2018-05-01,0.0219673603256183
2018-05-02,0.004672965079185687
2018-05-03,0.02976716884996744
2018-05-04,0.038843838328025404
2018-05-07,-0.017826274375141504
2018-05-08,0.0035416841787354603
2018-05-09,0.009263218599228074
2018-05-10,-0.016171326624956794
2018-05-11,-0.013876389878545115
2018-05-14,-0.012709862383476267
2018-05-15,-0.006896611214864623
2018-05-16,0.03333342984510823
2018-05-17,0.01747289482620973
2018-05-18,-0.013650586369920559
2018-05-21,0.011160908101797817
2018-05-22,-0.0035318559620525214
2018-05-23,-0.012405863817669838
2018-05-24,0.009421066512538712
2018-05-25,-0.0017777935902703046
2018-05-29,-0.024487639927580962
2018-05-30,0.0109537106890234
2018-05-31,0.0036116756462098998
2018-06-01,0.010796316491268332
2018-06-04,0.0022251157716119963
2018-06-05,-0.0031084680390148778
2018-06-06,0.009354389368390503
2018-06-07,-0.007943857482510475
2018-06-08,0.022242007485654858
2018-06-11,0.012184617695781386
2018-06-12,-0.0008597632330539229
2018-06-13,0.01678146917913592
2018-06-14,0.005501529217098122
2018-06-15,0.006313186149367045
2018-06-18,0.0020910189155125547
2018-06-19,0.009181963631478718
2018-06-20,0.004135599451127181
2018-06-21,0.011944006587783385
2018-06-22,0.011395857417090038
2018-06-25,-0.012474625512921556
2018-06-26,0.018744815441394058
2018-06-27,-0.006400056569188739
2018-06-28,-0.015700287068040497
2018-06-29,0.0163596341683121
2018-07-02,0.043460986920111466
2018-07-03,0.028923958106886083
2018-07-05,0.006371792216190331
2018-07-06,0.00707664564853383
2018-07-09,0.0025884711691339657
2018-07-10,-0.030615741318885892
2018-07-11,0.00038036211425174216
2018-07-12,0.011791658575315944
2018-07-13,-0.002631680004012593
2018-07-16,0.0026386240180791276
2018-07-17,0.011278214344772053
2018-07-18,0.011152434794691413
2018-07-19,-0.00514733293030023
2018-07-20,0.007760832019125141
2018-07-23,0.002566792446656807
2018-07-24,0.005852358282391279
2018-07-25,0.008727044262967443
2018-07-26,0.0039654278001988175
2018-07-27,-0.006822321866461145
2018-07-30,-0.01265353696022542
2018-07-31,0.0025631096478582194
2018-08-01,0.00036523329286097805
2018-08-02,-0.009492598601340663
2018-08-03,-0.00037090409159390436
2018-08-06,-0.011502831162799487
2018-08-07,-0.009759733430277251
2018-08-08,-0.009097649724740586
2018-08-09,0.003825549794001848
2018-08-10,-0.019435934962443335
2018-08-13,-0.02059860864406804
2018-08-14,0.009524060839361193
2018-08-15,-0.013365020644660608
2018-08-16,0.010757008314510763
2018-08-17,0.0011823668600206005
2018-08-20,0.005905505067978378
2018-08-21,0.013307079655345389
2018-08-22,0.01236018052378407
2018-08-23,0.01068304359764305
2018-08-24,0.0075501657156036295
2018-08-27,-0.008617633829731353
2018-08-28,-0.005291092695744459
2018-08-29,0.00037992303154488205
2018-08-30,-0.010254498179076199
2018-08-31,0.0007675065623600208
2018-09-04,-0.004601031093578123
2018-09-05,-0.019645805729402888
2018-09-06,-0.011001659064317715
2018-09-07,-0.0019868181937896523
2018-09-10,0.04896502869055919
2018-09-11,0.006831221554429723
2018-09-12,0.012815679567172333
2018-09-13,0.011537077057427014
2018-09-14,0.012509044158664384
2018-09-17,0.003633716663141273
2018-09-18,0.0018102802859307765
2018-09-19,0.007950884929846636
2018-09-20,0.004661118702656175
2018-09-21,0.008208812324271397
2018-09-24,0.0
2018-09-25,-0.004602012149276913
2018-09-26,-0.004267537658470877
2018-09-27,-0.017857121718450553
2018-09-28,-0.00836335509283137
2018-10-01,0.008433890715700887
2018-10-02,0.0007272417184538416
2018-10-03,0.01853224103031592
2018-10-04,-0.011773260744615488
2018-10-05,-0.026353936596282157
2018-10-08,-0.022617452236823876
2018-10-09,-0.011381178554753735
2018-10-10,-0.0629316429481569
2018-10-11,-0.0069616346607696
2018-10-12,0.00989717043574001
2018-10-15,0.013474904219550554
2018-10-16,0.033440930343275
2018-10-17,-0.0038989528651197647
2018-10-18,-0.0344421012347661
2018-10-19,-0.020267588837018402
2018-10-22,-0.010757106343793232
2018-10-23,-0.03178597885087742
2018-10-24,-0.04449224566914256
2018-10-25,0.06283880517871654
2018-10-26,-0.024244851419890856
2018-10-29,-0.05013080195791597
2018-10-30,0.06195504256222528
2018-10-31,0.02203980159630725
2018-11-01,0.03890037291276194
2018-11-02,-0.022703705080830416
2018-11-05,0.0046042818639400185
2018-11-06,-0.00041676199034468286
2018-11-07,0.03126322254652458
2018-11-08,-0.012126052092638728
2018-11-09,-0.026595837534779232
2018-11-12,-0.04119375737644926
2018-11-13,0.0026303943142786945
2018-11-14,-0.019676606730926638
2018-11-15,-0.0053523940571078565
2018-11-16,-0.021076067359642514
2018-11-19,-0.03344022230287258
2018-11-20,-0.007583012551516499
2018-11-21,0.038204376301752996
2018-11-23,0.01931928758491641
2018-11-26,0.023465678452737393
2018-11-27,-0.01587292211274971
2018-11-28,0.030465807999487282
2018-11-29,-0.011304157071570287
2018-11-30,0.00791547401619419
2018-12-03,0.03185009494150104
2018-12-04,-0.06131085354399002
2018-12-06,-0.026576619107421373
2018-12-07,-0.028227547428763322
2018-12-10,0.0052379185297515285
2018-12-11,-0.009474397452144734
2018-12-12,0.011478024306821988
2018-12-13,-0.01702117417032656
2018-12-14,-0.032227261781679006
2018-12-17,-0.01590462694025263
2018-12-18,0.005555578109163184
2018-12-19,-0.028126381971554815
2018-12-20,-0.012403167821424033
2018-12-21,-0.004709574952960316
2018-12-24,-0.017875999846125423
2018-12-26,0.05032112920968346
2018-12-27,0.011213093420630038
2018-12-28,-0.010080666733914057
2018-12-31,-0.000509071622735835
2019-01-02,-0.0005095408987154659
2019-01-03,-0.0463815655744102
2019-01-04,0.06894747034605642
2019-01-07,0.0344998582510998
2019-01-08,0.02126669985868479
2019-01-09,0.016563914809191838
2019-01-10,-0.016759773856084625
2019-01-11,-0.010416708344755166
2019-01-14,-0.0066986185720178115
2019-01-15,0.01637782473942484
2019-01-16,0.054502237267579634
2019-01-17,0.01797747459254606
2019-01-18,0.007505690189270275
2019-01-22,-0.028922021677539544
2019-01-23,0.00586665213265003
2019-01-24,0.003140214880167358
2019-01-25,0.021019693743820733
2019-01-28,-0.002190150371969013
2019-01-29,-0.014047548066722704
2019-01-30,0.004452369719848193
2019-01-31,-0.004875632453615775
2019-02-01,0.045879391808707926
2019-02-04,0.009795619560165392
2019-02-05,0.0012654047621882825
2019-02-06,-0.021061718195587442
2019-02-07,0.00043074591055214384
2019-02-08,0.0019457219028058415
2019-02-11,0.011653253080376569
2019-02-12,0.007252122931455274
2019-02-13,-0.0046587590939835
2019-02-14,-0.00468100088157497
2019-02-15,0.005985584640303632
2019-02-19,0.007224734035138569
2019-02-20,-0.002109654458666954
2019-02-21,0.0004226495428303334
2019-02-22,-0.013101972417912555
2019-02-25,-0.023982909120950358
2019-02-26,0.0
2019-02-27,0.0017550238242842742
2019-02-28,-0.026281301914321653
2019-03-01,0.014844821367955507
2019-03-04,0.02304964394005693
2019-03-05,-0.009098571050577764
2019-03-06,-0.004372704706499531
2019-03-07,-0.0021959095995758293
2019-03-08,-0.014524573902252258
2019-03-11,0.02545782853886558
2019-03-12,0.010017539935831321
2019-03-13,0.027166938655468043
2019-03-14,0.013433852495874365
2019-03-15,0.000828480714470281
2019-03-18,0.014486919890224659
2019-03-19,-0.01224002748684705
2019-03-20,-0.005369723534937032
2019-03-21,0.018272672300854165
2019-03-22,-0.0350737383542693
2019-03-25,-0.004226529358397735
2019-03-26,0.005517783245916563
2019-03-27,-0.01983947221656146
2019-03-28,0.001722611974854793
2019-03-29,0.009888250091636186
2019-04-01,0.027245775129347116
2019-04-02,-0.0364689346052276
2019-04-03,0.014623392084184061
2019-04-04,0.0025434769535908064
2019-04-05,0.006342343529305738
2019-04-08,-0.006302371722790356
2019-04-09,-0.03171241108302214
2019-04-10,0.007423850943976129
2019-04-11,-0.004335239827052417
2019-04-12,0.016108390606718537
2019-04-15,0.0004284387412964996
2019-04-16,0.021841457233778394
2019-04-17,-0.016345644789936387
2019-04-18,0.012356694106771204
2019-04-22,-0.014309678685140215
2019-04-23,0.015370930956417395
2019-04-24,0.0021029885972243534
2019-04-25,0.011749871156335967
2019-04-26,0.018664347163625195
2019-04-29,0.010178910099565508
2019-04-30,-0.01451001784409367
2019-05-01,0.00777077545517546
2019-05-02,-0.017045383166286454
2019-05-03,0.018579836792794735
2019-05-06,-0.02067305207426029
2019-05-07,-0.010347521129303705
2019-05-08,-0.006273375654826996
2019-05-09,0.006733758357234665
2019-05-10,0.014918942989362582
2019-05-13,-0.03561061884132066
2019-05-14,0.03434982529705621
2019-05-15,0.00498107273625803
2019-05-16,0.018587411008797128
2019-05-17,0.0004055362981862931
2019-05-20,-0.006890991741870023
2019-05-21,0.019183598965521353
2019-05-22,-0.0028034298098009724
2019-05-23,-0.0345380877498922
2019-05-24,-0.0020798066198892684
2019-05-28,-0.018341173868449356
2019-05-29,-0.01486191357333555
2019-05-30,0.00775832600035109
2019-05-31,-0.04704819778899938
2019-06-03,0.01974840602844341
2019-06-04,0.037412054713174436
2019-06-05,0.005939546748126245
2019-06-06,0.0033741096302661866
2019-06-07,0.007145807719371788
2019-06-10,0.0
2019-06-11,0.0033390743533012746
2019-06-12,0.002495801874964565
2019-06-13,0.008713474628317508
2019-06-14,-0.021390246484479403
2019-06-17,-0.011349133263403588
2019-06-18,-0.005952780406329294
2019-06-19,0.038922384712704705
2019-06-20,0.01440930996975287
2019-06-21,-0.002028996542197903
2019-06-24,-0.02033337358222187
2019-06-25,-0.005396881670021392
2019-06-26,0.023789883435392678
2019-06-27,0.015083449165674612
2019-06-28,0.014859565071078773
2019-07-01,0.024139111184959594
2019-07-02,-0.001158942210719327
2019-07-03,0.0054155926373689045
2019-07-05,-0.0019237613638289908
2019-07-08,-0.02081734511732658
2019-07-09,0.027165261812389208
2019-07-10,0.004599784584167654
2019-07-11,0.009538144837792473
2019-07-12,0.012471850361841286
2019-07-15,-0.009331949773489279
2019-07-16,-0.018462593849905118
2019-07-17,-0.023032430321344166
2019-07-18,-0.0003930279958529459
2019-07-19,-0.011792429765416279
2019-07-22,0.03977706053126173
2019-07-23,0.02218821376988145
2019-07-24,0.02133231227923127
2019-07-25,0.0036642397815862537
2019-07-26,-0.0032858206041568305
2019-07-29,-0.014285644923159868
2019-07-30,0.00371613454713815
2019-07-31,-0.00962619275126142
2019-08-01,-0.03962589238551317
2019-08-02,-0.01701578286095673
2019-08-05,-0.029446621739696366
2019-08-06,0.02870008989318995
2019-08-07,-0.025109421605892024
2019-08-08,0.029844434698762967
2019-08-09,-0.0007939306479223252
2019-08-12,-0.027810860990200137
2019-08-13,0.022885310223941913
2019-08-14,-0.02876582140446282
2019-08-15,-0.013574269309295839
2019-08-16,0.02043350276626099
2019-08-19,0.009807824232749951
2019-08-20,0.008903376303916577
2019-08-21,0.030886453775449185
2019-08-22,-0.0011671449294576863
2019-08-23,-0.008180905170941721
2019-08-26,0.00942653147958561
2019-08-27,-0.0015562722017915531
2019-08-28,0.0007793094372521292
2019-08-29,0.01090349572187721
2019-08-30,-0.0046227595707718505
2019-09-03,-0.022058594277348353
2019-09-04,0.02057756827508639
2019-09-05,0.03761150434922533
2019-09-06,0.0022422806712343313
2019-09-09,0.004474225534198961
2019-09-10,-0.0018558562331745243
2019-09-11,0.011528426897514432
2019-09-12,0.031249990674005357
2019-09-13,0.002852140157768801
2019-09-16,0.004266006813750778
2019-09-17,0.010973356505358245
2019-09-18,-0.01960803540424405
2019-09-19,0.03000011886114784
2019-09-20,0.01074893913693531
2019-09-23,0.009948621934335655
2019-09-24,-0.006114340693859299
2019-09-25,0.011620137567669886
2019-09-26,-0.007094587437626143
2019-09-27,-0.07043219617074792
2019-09-30,-0.017203529678824103
2019-10-01,-0.029422659413457453
2019-10-02,-0.02609371578512265
2019-10-03,0.011820366128148851
2019-10-04,0.007788053181893906
2019-10-07,0.014683286631665515
2019-10-08,-0.02132526647599453
2019-10-09,0.020622639958491007
2019-10-10,-0.0022875875397966317
2019-10-11,0.004967648867204355
2019-10-14,-0.006464015427278369
2019-10-15,0.025258447259921546
2019-10-16,-0.0007464383022990351
2019-10-17,0.019051124189393143
2019-10-18,0.006231654702161471
2019-10-21,0.012386197288910106
2019-10-22,-0.011515005113138965
2019-10-23,0.04113569265310746
2019-10-24,-0.02412597497742719
2019-10-25,0.008599269656847097
2019-10-28,0.019538221056957683
2019-10-29,-0.0020905700625220014
2019-10-30,0.006285061675103787
2019-10-31,0.0003467193233142041
2019-11-01,0.02185214730632845
2019-11-04,-0.015614389637349402
2019-11-05,0.012413803045026928
2019-11-06,-0.0020436444261908715
2019-11-07,-0.004284255656551439
2019-11-08,0.0034423185233922737
2019-11-11,0.0037735051222302918
2019-11-12,0.005468402167057462
2019-11-13,-0.0006799013562654999
2019-11-14,0.013605285545974288
2019-11-15,0.0013423276609885182
2019-11-18,-0.012734679626550838
2019-11-19,-0.011201600410885137
2019-11-20,0.006179338225832609
2019-11-21,-0.008529526248350017
2019-11-22,0.0027527404501885844
2019-11-25,0.01372688917392284
2019-11-26,0.003723823089468059
2019-11-27,0.0040471509958404095
2019-11-29,-0.009405219827770539
2019-12-02,-0.01695513243497071
2019-12-03,-0.025180981135610625
2019-12-04,0.01627747740893759
2019-12-05,0.0135794968636207
2019-12-06,0.0006867947364617155
2019-12-09,-0.0048060671707612634
2019-12-10,0.004829277000411469
2019-12-11,0.0003432310542250683
2019-12-12,0.004118191571076846
2019-12-13,-0.003759319311552045
2019-12-16,0.012349848483745651
2019-12-17,-0.003388728651228634
2019-12-18,-0.0023800865065014554
2019-12-19,0.014996550933782382
2019-12-20,-0.004365358857128854
2019-12-23,-0.020573375355280032
2019-12-24,-0.001377457431791962
2019-12-26,0.009655153672654126
2019-12-27,-0.003756751901650368
2019-12-30,-0.004113678681267552
2019-12-31,0.00413067093422903
2020-01-02,0.00685645440715521
2020-01-03,-0.011917051853565286
2020-01-06,0.0010339443462343834
2020-01-07,0.0006883524108367567
2020-01-08,0.020295833807455033
2020-01-09,0.009440304603401284
2020-01-10,0.001336118369950512
2020-01-13,0.0006669318667258395
2020-01-14,-0.023666464531387987
2020-01-15,0.008193993996190141
2020-01-16,0.03318634544011578
2020-01-17,0.022615777430967654
2020-01-21,-0.015064288992799879
2020-01-22,0.02473158602789538
2020-01-23,-0.009209136805611418
2020-01-24,-0.016346254170159447
2020-01-27,-0.012381974807026519
2020-01-28,0.003959090949091193
2020-01-29,0.01938875753405167
2020-01-30,-0.020309518264769566
2020-01-31,0.049687363235129345
2020-02-03,-0.005015591852190693
2020-02-04,0.02709537063958445
2020-02-05,0.016564295947845142
2020-02-06,0.0165963951308834
2020-02-07,-0.007299693863296874
2020-02-10,0.008403464413320627
2020-02-11,0.006547694406416005
2020-02-12,-0.013601298817722984
2020-02-13,0.004496407110682554
2020-02-14,0.0008952680021592219
2020-02-18,0.0008942271210838904
2020-02-19,0.010724076834344842
2020-02-20,-0.0067785417279778715
2020-02-21,-0.017507508359630664
2020-02-24,-0.0446994379691128
2020-02-25,-0.04552660349448312
2020-02-26,-0.0009935875592701482
2020-02-27,-0.04343499232574666
2020-02-28,-0.008665612368987108
2020-03-02,0.048601584866730274
2020-03-03,-0.03434498100936978
2020-03-04,0.016229400948433836
2020-03-05,-0.04213391221023666
2020-03-06,-0.043987196479310375
2020-03-09,-0.11502796305397323
2020-03-10,0.06582826014327092
2020-03-11,-0.05114082925338048
2020-03-12,-0.0870646745406658
2020-03-13,0.15122613449679734
2020-03-16,-0.13688355845361933
2020-03-17,-0.007769794366588534
2020-03-18,-0.09995386651891591
2020-03-19,0.05424772023164981
2020-03-20,-0.0742717364960479
2020-03-23,-0.029890093184848476
2020-03-24,0.18054060783286552
2020-03-25,0.09890113840623127
2020-03-26,0.06666667225883738
2020-03-27,-0.04062505824267659
2020-03-30,-0.001628660623569922
2020-03-31,-0.04282239189945647
2020-04-01,-0.06604171961598404
2020-04-02,0.001825089022684745
2020-04-03,0.011839541742711068
2020-04-06,0.09630999736800505
2020-04-07,-0.009852438622564352
2020-04-08,0.02363176272903278
2020-04-09,0.024706362086171607
2020-04-13,-0.05335949885940927
2020-04-14,0.01085571214752723
2020-04-15,-0.03965294443418865
2020-04-16,-0.005591449355626055
2020-04-17,0.03460208184924318
2020-04-20,-0.04055180702408501
2020-04-21,-0.048366007109206355
2020-04-22,0.015109923030833805
2020-04-23,0.04194854536968262
2020-04-24,0.022077803801950013
2020-04-27,0.05717930807257754
2020-04-28,0.018429482914009254
2020-04-29,0.04209267921037663
2020-04-30,-0.048320087549469815
2020-05-01,-0.032923307597720775
2020-05-04,-0.0045118220737337955
2020-05-05,0.013596978519264002
2020-05-06,0.058130040881495315
2020-05-07,0.03303883754274928
2020-05-08,-0.008553513042780403
2020-05-11,-0.009752302378386202
2020-05-12,-0.02613650956428959
2020-05-13,-0.05211963921840934
2020-05-14,0.01969613434470996
2020-05-15,0.0006071140742556214
2020-05-18,0.04528918711781871
2020-05-19,0.000773478292222407
2020-05-20,0.03169715530292683
2020-05-21,-0.005245445625069345
2020-05-22,0.010922527235428747
2020-05-26,0.06408370578275857
2020-05-27,0.003851516731887994
2020-05-28,-0.013951811619430488
2020-05-29,-0.018394090750763148
2020-06-01,0.019459581534469805
2020-06-02,0.03711541194569179
2020-06-03,0.028629916580640957
2020-06-04,0.004307413420333361
2020-06-05,0.0016496885422647711
2020-06-08,0.0441369646155354
2020-06-09,-0.004731992903084459
2020-06-10,-0.028842863554393028
2020-06-11,-0.08779378397166637
2020-06-12,0.04293378487353228
2020-06-15,0.03293311334971771
2020-06-16,0.017934287273370986
2020-06-17,0.005872619354029496
2020-06-18,0.028543647087422075
2020-06-19,0.0028381867933420235
2020-06-22,-0.014779841524204529
2020-06-23,0.005107034461937721
2020-06-24,-0.037472303819289565
2020-06-25,0.03827114913196317
2020-06-26,-0.0597393658654336
2020-06-29,0.019601428110041397
2020-06-30,0.023533107146751275
2020-07-01,-0.0009715555457575631
2020-07-02,0.011345426762426447
2020-07-06,0.01217929354527092
2020-07-07,-0.024699255916877494
2020-07-08,0.10000011051352198
2020-07-09,0.025088576283398778
2020-07-10,0.00460718068491639
2020-07-13,-0.02006341760205166
2020-07-14,0.008774506565770945
2020-07-15,0.015076806328046422
2020-07-16,-0.009711203170284288
2020-07-17,0.00894108700332552
2020-07-20,0.0008576798637787153
2020-07-21,0.017423821466309164
2020-07-22,-0.0014039321116531278
2020-07-23,-0.0146188095755162
2020-07-24,-0.01027114333134882
2020-07-27,0.014701636669165019
2020-07-28,-0.006818212327593609
2020-07-29,0.02717371570253646
2020-07-30,-0.013923605562483732
2020-07-31,-0.0011295353592742918
2020-08-03,0.012157254964740849
2020-08-04,0.012011455077122202
2020-08-05,0.0022079398294394537
2020-08-06,0.009088348447678696
2020-08-07,0.007096274196476404
2020-08-10,0.0029804680802112404
2020-08-11,-0.054309593768705144
2020-08-12,0.03885717332396044
2020-08-13,0.00027511597988816305
2020-08-14,0.010901417646731693
2020-08-17,-0.01638044223512647
2020-08-18,-0.00832628255744905
2020-08-19,0.001119507104225148
2020-08-20,-0.04025729908017761
2020-08-21,0.014273169815600895
2020-08-24,-0.0008615164201432046
2020-08-25,-0.0020117853950321063
2020-08-26,0.007776781392903054
2020-08-27,-0.004859154528092158
2020-08-28,0.0031595046263397375
2020-08-31,0.025479574502447644
2020-09-01,0.012283522203787589
2020-09-02,0.014340865172123296
2020-09-03,-0.03017948649249358
2020-09-04,0.0008409866398439991
2020-09-08,-0.04033589742214305
2020-09-09,0.02043186231160199
2020-09-10,-0.008009377901493697
2020-09-11,-0.0008647641012803353
2020-09-14,0.015584177228234353
2020-09-15,0.023870297592755607
2020-09-16,0.0030533984296838845
2020-09-17,-0.020475915648690446
2020-09-18,-0.010169260392324353
2020-09-21,-0.014555409145370013
2020-09-22,0.00347558494299105
2020-09-23,-0.015872950078336
2020-09-24,-0.030498691379719833
2020-09-25,0.02571093861486018
2020-09-28,0.030669285159466098
2020-09-29,-0.021745455965094918
2020-09-30,0.0043873047983098434
2020-10-01,0.010192250227829325
2020-10-02,0.012107115633120946
2020-10-05,0.027057867414881587
2020-10-06,-0.03078196441377834
2020-10-07,0.008583573405282818
2020-10-08,0.022695368582007713
2020-10-09,-0.00610274218348994
2020-10-12,0.012280094610788383
2020-10-13,0.0008272945378651198
2020-10-14,0.003030026597498514
2020-10-15,0.018676511469379875
2020-10-16,-0.004044483292519163
2020-10-19,-0.003789820384762388
2020-10-20,0.018206459636918026
2020-10-21,-0.008539949332714625
2020-10-22,0.002691466273496257
2020-10-23,0.00402721942353379
2020-10-26,-0.024064369069700664
2020-10-27,-0.018903937366600343
2020-10-28,-0.029042260607488046
2020-10-29,0.0005748639861482552
2020-10-30,-0.01839585831150159
2020-11-02,0.026354308403996773
2020-11-03,-0.004564563976630964
2020-11-04,0.06477484467166783
2020-11-05,0.02799438510004615
2020-11-06,0.001047289755145231
2020-11-09,-0.005754432732172687
2020-11-10,0.009734328335963216
2020-11-11,-0.04325167111020933
2020-11-12,0.0005447706633936455
2020-11-13,0.02472307456916356
2020-11-16,0.006131790200220255
2020-11-17,0.006094209842368414
2020-11-18,0.0023704280955663126
2020-11-19,0.010772511453352118
2020-11-20,-0.0072786191299258896
2020-11-23,0.010997822667798696
2020-11-24,-0.010878186303881265
2020-11-25,0.017805849913646643
2020-11-27,-0.004116293155910999
2020-11-30,-0.020149923257800073
2020-12-01,0.02610063486274683
2020-12-02,0.0077082889485928785
2020-12-03,0.0
2020-12-04,0.008923909306730371
2020-12-07,0.00758176807534694
2020-12-08,-0.00326092689165014
2020-12-09,-0.014846209113435482
2020-12-10,-0.003576148706542326
2020-12-11,0.015636971196324012
2020-12-14,-0.010095831593073479
2020-12-15,0.010453794723937593
2020-12-16,0.014635256512680161
2020-12-17,0.005222716245433245
2020-12-18,-0.009401354615626634
2020-12-21,-0.008491575831809262
2020-12-22,-0.005289408587088706
2020-12-23,0.004051464979539343
2020-12-24,0.004792114790201918
2020-12-28,-0.00903616170805377
2020-12-29,-0.0012667936749319875
2020-12-30,0.006594230804126688
2020-12-31,0.020156250500751538
2021-01-04,-0.02074600157152995
2021-01-05,-0.009583728323653062
2021-01-06,0.0020369800343769118
2021-01-07,0.020838520908474267
2021-01-08,0.007966458682660216
2021-01-11,0.00222260356409798
2021-01-12,-0.003942739329596212
2021-01-13,0.01929736726864495
2021-01-14,-0.005339671924459388
2021-01-15,-0.006344715818111468
2021-01-19,0.006139526184453459
2021-01-20,0.011960116064731574
2021-01-21,-0.00771839298657373
2021-01-22,-0.022848805891915513
2021-01-25,-0.01616921092482715
2021-01-26,-0.010113599599427925
2021-01-27,-0.040613076691037975
2021-01-28,0.036741019472779524
2021-01-29,0.0002569334780135879
2021-02-01,0.038254374732812346
2021-02-02,0.04624100927147756
2021-02-03,-0.004963305548342345
2021-02-04,0.04180512168210737
2021-02-05,0.018011871609134422
2021-02-08,0.013885763122284844
2021-02-09,0.02827503148714139
2021-02-10,0.04317939500942458
2021-02-11,-0.007207653216042442
2021-02-12,0.0
2021-02-16,-0.005393123763079544
2021-02-17,-0.008342122608502645
2021-02-18,-0.009673922366194132
2021-02-19,-0.003940019126093319
2021-02-22,-0.030361186603318435
2021-02-23,-0.0050718835110777905
2021-02-24,0.007092349351154104
2021-02-25,-0.010563385195856534
2021-02-26,0.013345312201228143
2021-03-01,0.016242283719028805
2021-03-02,0.003239597619769441
2021-03-03,0.012056080125387059
2021-03-04,-0.006807205754891021
2021-03-05,0.004497960616082652
2021-03-08,0.003837817153180101
2021-03-09,-0.00021223790176605473
2021-03-10,0.01487151155148525
2021-03-11,0.009210714531074249
2021-03-12,0.004563490203874254
2021-03-15,0.018996324102600992
2021-03-16,-0.008510872750774556
2021-03-17,0.0010220390898967313
2021-03-18,-0.023887186015734807
2021-03-19,0.008157276698529614
2021-03-22,0.011618193113832165
2021-03-23,-0.018252824876782592
2021-03-24,0.00229807607439092
2021-03-25,-0.0012506145061534912
2021-03-26,0.011477563066010221
2021-03-29,0.001444286575829734
2021-03-30,0.013390887562745313
2021-03-31,-0.006912195281925548
2021-04-01,0.030706517660203048
2021-04-05,0.01608737014585704
2021-04-06,0.00039101128052432266
2021-04-07,-0.0025400765438231554
2021-04-08,0.010969421584365646
2021-04-09,-0.005425199491778221
2021-04-12,0.01324749742209641
2021-04-13,0.0003846210415829887
2021-04-14,0.020757208738533484
2021-04-15,-0.0035775122047145835
2021-04-16,0.007369679644339211
2021-04-19,0.0
2021-04-20,-0.01331829491386427
2021-04-21,0.009505786510961123
2021-04-22,0.011676034674592328
2021-04-23,0.0256887588226693
2021-04-26,0.008529947864308385
2021-04-27,0.01925501860210299
2021-04-28,0.001235746473724486
2021-04-29,0.0017635127451747223
2021-04-30,-0.004048548252746698
2021-05-03,-0.005479085094925673
2021-05-04,-0.011373762687456934
2021-05-05,0.044580296888009574
2021-05-06,-0.007399755474122749
2021-05-07,0.01803039566228204
2021-05-10,-0.027758763544196152
2021-05-11,-0.014363272832826568
2021-05-12,-0.038564050750320655
2021-05-13,0.018853991970730233
2021-05-14,0.02119136485373363
2021-05-17,-0.012468738900707765
2021-05-18,-0.008116849895285161
2021-05-19,-0.0034552440790915906
2021-05-20,0.010766328393972069
2021-05-21,-0.00270796416092256
2021-05-24,0.00144815005914678
2021-05-25,0.004700110605129648
2021-05-26,-0.0008998058920037799
2021-05-27,0.0030615685231516476
2021-05-28,-0.0001797012275467358
2021-06-01,0.0007184372098940628
2021-06-02,-0.013098785378520383
2021-06-03,0.010727176296726038
2021-06-04,-0.0034180216676902297
2021-06-07,-0.0229240233612239
2021-06-08,0.021614629243676742
2021-06-09,-0.00036185913242881007
2021-06-10,0.013386554891668734
2021-06-11,0.008568483724721743
2021-06-14,-0.021416098288702057
2021-06-15,0.007234488398607297
2021-06-16,0.024061790285047957
2021-06-17,0.0019289511317823749
2021-06-18,-0.013125763569246884
2021-06-21,0.02677783326090455
2021-06-22,0.011398913001622546
2021-06-23,0.013661230036573935
2021-06-24,0.012971651778668214
2021-06-25,0.01047731005302266
2021-06-28,-0.00394956527781376
2021-06-29,-0.0023136854813019525
2021-06-30,-0.018880287444218657
2021-07-01,0.008608963411671944
2021-07-02,0.0006694871711068195
2021-07-06,0.002341604344107129
2021-07-07,-0.009344272319245617
2021-07-08,-0.022570469920655478
2021-07-09,0.018438830430773434
2021-07-12,0.02301177622024375
2021-07-13,-0.017366632237396318
2021-07-14,-0.008416181761792152
2021-07-15,-0.0015278418442113972
2021-07-16,-0.00986054584026741
2021-07-19,-0.014938184622109607
2021-07-20,0.020742460535061458
2021-07-21,0.014002809729242838
2021-07-22,0.0223981053671809
2021-07-23,0.011695079355560134
2021-07-26,0.006675289092074044
2021-07-27,0.008086776573378751
2021-07-28,0.0019251354806009147
2021-07-29,0.021777355940374665
2021-07-30,-0.0007836281257386224
2021-08-02,-0.0034503205915132895
2021-08-03,0.019829859308171383
2021-08-04,0.018981739709030387
2021-08-05,0.01832478944410898
2021-08-06,0.0050565433580602726
2021-08-09,-0.010949938392265102
2021-08-10,-0.015559380423447622
2021-08-11,0.0001518775775406489
2021-08-12,0.004406484019565005
2021-08-13,0.0012888683423768477
2021-08-16,-0.009691011831562513
2021-08-17,-0.028746207065428186
2021-08-18,-0.005195313108852462
2021-08-19,-0.015667023930875934
2021-08-20,0.017845562653490354
2021-08-23,0.01753280668517898
2021-08-24,0.0004657807586441187
2021-08-25,0.0010860301756652202
2021-08-26,-0.004494570237823736
2021-08-27,-0.00046728134009088595
2021-08-30,0.0017134491070656122
2021-08-31,-0.0003108471867746543
2021-09-01,0.003577388050860053
2021-09-02,-0.0010848519936639267
2021-09-03,-0.0001550859659135151
2021-09-07,-0.02591579949820011
2021-09-08,0.004779428167815736
2021-09-09,-0.0025369826273758944
2021-09-10,-0.002384113965964607
2021-09-13,0.008922826257608207
2021-09-14,0.001105349032146874
2021-09-15,0.019403952262617263
2021-09-16,0.03125953575249096
2021-09-17,-0.002400658390537269
2021-09-20,-0.060620005703105995
2021-09-21,0.01745401769523358
2021-09-22,0.0009441527062865607
2021-09-23,0.0007864135523119042
2021-09-24,-0.025451782888396224
2021-09-27,-0.008060634591199767
2021-09-28,-0.024540790916164235
2021-09-29,0.013661985789389597
2021-09-30,0.0006574767312494956
2021-10-01,0.013140570837826271
2021-10-04,-0.022859900405932665
2021-10-05,0.02671310937566873
2021-10-06,-0.00032311773877502503
2021-10-07,0.024571517003660892
2021-10-08,0.03360698389270289
2021-10-11,-0.001221395060156949
2021-10-12,-0.0021398291380042567
2021-10-13,0.007351858155113078
2021-10-14,0.015812552836853122
2021-10-15,-0.00898059739895074
2021-10-18,0.013895432228595128
2021-10-19,0.020557199297386974
2021-10-20,0.030214382078572077
2021-10-21,0.03598746308554701
2021-10-22,0.0057440831843367235
2021-10-25,0.017949222412407373
2021-10-26,0.02257570135571596
2021-10-27,-0.0027433527542509717
2021-10-28,0.038118971750577435
2021-10-29,0.0052995777499360575
2021-11-01,-0.025354433097163454
2021-11-02,0.04005144423523532
2021-11-03,0.03268929433522905
2021-11-04,-0.0278174195642219
2021-11-05,-0.009866820112480634
2021-11-08,-0.0168160829066053
2021-11-09,0.009121706881809244
2021-11-10,-0.04494657456923545
2021-11-11,0.026686032101267187
2021-11-12,0.010582798893689516
2021-11-15,-0.01282057176715512
2021-11-16,0.004757890396900333
2021-11-17,0.004607077776659141
2021-11-18,-0.001146637951399021
2021-11-19,-0.0012753931273784547
2021-11-22,-0.00012750107742431904
2021-11-23,-0.020689687769579024
2021-11-24,0.00039114755751512575
2021-11-26,-0.030765189509724178
2021-11-29,0.026361789993404994
2021-11-30,-0.02437441079497893
2021-12-01,-0.006044118703166013
2021-12-02,0.020000074486587804
2021-12-03,-0.024642331392474515
2021-12-06,0.0105950035119875
2021-12-07,0.04435472263004869
2021-12-08,-0.009266537137696207
2021-12-09,-0.015848123640179956
2021-12-10,-0.005544020237856606
2021-12-13,-0.03915555835660667
2021-12-14,0.00897913382310822
2021-12-15,0.01232213028596063
2021-12-16,-0.03854485499380356
2021-12-17,0.006892584039470462
2021-12-20,-0.013970440696581488
2021-12-21,0.022385851702601878
2021-12-22,0.02549904015629867
2021-12-23,0.023513394018620515
2021-12-27,0.01993681848445039
2021-12-28,-0.006731529118942259
2021-12-29,-0.029062857065449754
2021-12-30,0.003624290163904753
2021-12-31,-0.003611202119582879
2022-01-03,-0.013154408184279265
2022-01-04,0.01074533023259705
2022-01-05,-0.0717264631796879
2022-01-06,0.023340016629856075
2022-01-07,-0.015441274076619105
2022-01-10,-0.0027339105173979084
2022-01-11,0.03419440119381223
2022-01-12,0.006417199712271726
2022-01-13,-0.03160481548121408
2022-01-14,-0.006584718097779718
2022-01-18,-0.02074944911134491
2022-01-19,-0.01589168879333236
2022-01-20,0.002990419566496927
2022-01-21,-0.018783566713652666
2022-01-24,-0.0062291526882044534
2022-01-25,-0.00993719221652023
2022-01-26,-0.003551579984355957
2022-01-27,0.02278005978754405
2022-01-28,0.033181808799908286
2022-01-31,0.04355482636419383
2022-02-01,0.018268677275351752
2022-02-02,0.009936653534870166
2022-02-03,-0.031019644849696548
2022-02-04,0.00028239089028980757
2022-02-07,-0.002819781231602758
2022-02-08,-0.06150155342825758
2022-02-09,0.036908597431067225
2022-02-10,-0.04111577286972412
2022-02-11,-0.04909081104181601
2022-02-14,-0.034894949478600834
2022-02-15,0.03186399112181815
2022-02-16,-0.0047999821599938874
2022-02-17,-0.05873819971177796
2022-02-18,0.012497682457428327
2022-02-22,-0.018769044164828386
2022-02-23,-0.0006891378446264307
2022-02-24,0.01327815073962535
2022-02-25,0.03829149080433214
2022-02-28,-0.014587954647500623
2022-03-01,-0.03942115360931264
2022-03-02,0.041212059378666455
2022-03-03,-0.03908196674192066
2022-03-04,-0.03271024447706494
2022-03-07,-0.08463043380632262
2022-03-08,0.02169658199061164
2022-03-09,0.051654872486384784
2022-03-10,-0.027651351180241757
2022-03-11,-0.021702675259648307
2022-03-14,-0.027538684572421812
2022-03-15,0.02418887997467567
2022-03-16,0.06490012111239984
2022-03-17,0.039668245905077226
2022-03-18,0.03139092298365753
2022-03-21,-0.017992307467231017
2022-03-22,0.029965904010504252
2022-03-23,-0.01945157842329548
2022-03-24,0.0045777701796470005
2022-03-25,-0.009957686643561559
2022-03-28,-0.001363740793360213
2022-03-29,0.054626069421265466
2022-03-30,-0.039980605568612715
2022-03-31,-0.01416287876831146
2022-04-01,0.022404746723853286
2022-04-04,0.002676381153156715
2022-04-05,-0.04104099728764288
2022-04-06,-0.020528905123465613
2022-04-07,-0.008703209625996577
2022-04-08,0.03386478339968746
2022-04-11,-0.02495656427758508
2022-04-12,-0.013508835697073507
2022-04-13,0.017837796214937418
2022-04-14,-0.02195087930486128
2022-04-18,-0.012669606565945735
2022-04-19,0.034463815870007686
2022-04-20,0.02658163095193089
2022-04-21,-0.07008459950979373
2022-04-22,-0.0389828606486452
2022-04-25,0.023759100456045124
2022-04-26,-0.0399999258873599
2022-04-27,0.015722995382551286
2022-04-28,0.01741524479777601
2022-04-29,-0.030620305374579493
2022-05-02,0.03865024240209003
2022-05-03,0.02550056949632129
2022-05-04,0.056363876044866146
2022-05-05,-0.03469915067482676
2022-05-06,-0.03269496011471151
2022-05-09,-0.06890759236578725
2022-05-10,0.026073022740629614
2022-05-11,-0.019742040793763183
2022-05-12,-0.03688939549128567
2022-05-13,0.07113928298033234
2022-05-16,-0.01221636381112523
2022-05-17,0.04201015781210593
2022-05-18,-0.04370765884631278
2022-05-19,-0.005910072485164619
2022-05-20,0.025762883148629845
2022-05-23,0.0036708061416164117
2022-05-24,-0.03772851845674474
2022-05-25,0.012202404076302908
2022-05-26,0.0758894455688437
2022-05-27,0.029390190602161415
2022-05-31,-0.021948607837827372
2022-06-01,-0.006385737186825335
2022-06-02,0.0347043220347818
2022-06-03,-0.018278534671093416
2022-06-06,0.021511006512655362
2022-06-07,0.007786387208486012
2022-06-08,-0.03687448441110819
2022-06-09,-0.030629002452153276
2022-06-10,-0.03987206617342054
2022-06-13,-0.0840352292313683
2022-06-14,0.007271056262514897
2022-06-15,0.03375801049583815
2022-06-16,-0.07455316070614237
2022-06-17,0.0026629863749496607
2022-06-21,0.026339017025076794
2022-06-22,-0.011861098691768213
2022-06-23,0.012440127687722402
2022-06-24,0.04699272758424389
2022-06-27,-0.002058851554223362
2022-06-28,0.0018568700313761344
2022-06-29,-0.024917635032708496
2022-06-30,-0.022386541663862114
2022-07-01,0.009505311540480843
2022-07-05,0.019687674041232173
2022-07-06,-0.006505749710517761
2022-07-07,0.028516985890711055
2022-07-08,-0.02341338266687565
2022-07-11,-0.005888527141957645
2022-07-12,-0.012693169440774588
2022-07-13,-0.01071360317108494
2022-07-14,-0.007363973703195303
2022-07-15,0.05258575123276765
2022-07-18,0.009742878078601525
2022-07-19,0.04270175120738484
2022-07-20,0.016144962385056028
2022-07-21,0.016275732084381822
2022-07-22,-0.021353557767983644
2022-07-25,0.015780071381224392
2022-07-26,-0.019946285753334236
2022-07-27,0.02994151087893049
2022-07-28,0.05339149567665791
2022-07-29,0.0003608152772676121
2022-08-01,0.001262009689009469
2022-08-02,-0.05924709776109216
2022-08-03,0.02009952101240664
2022-08-04,-0.0009383209205963139
2022-08-05,-0.015401930516099394
2022-08-08,0.00743994000723025
2022-08-09,-0.02007193416789943
2022-08-10,0.07246382732750445
2022-08-11,0.020900849852761194
2022-08-12,0.010883967141895878
2022-08-15,0.00700274214424268
2022-08-16,-0.005563113619388105
2022-08-17,-0.011538660026753744
2022-08-18,-0.012557392337485873
2022-08-19,-0.031166102486284597
2022-08-22,-0.0216305124632743
2022-08-23,-0.0017005754936948447
2022-08-24,0.006246410294862281
2022-08-25,0.023701818462267266
2022-08-26,-0.051267850231760836
2022-08-29,-0.009296902905408855
2022-08-30,-0.008797723132642266
2022-08-31,-0.002761137217013654
2022-09-01,-0.008504745628753807
2022-09-02,-0.01755450469088049
2022-09-06,-0.014822303763198375
2022-09-07,0.01875529425814726
2022-09-08,0.012947444379625805
2022-09-09,0.028560120906235387
2022-09-12,0.022912505967864538
2022-09-13,-0.0508731622722387
2022-09-14,0.002800027145152262
2022-09-15,-0.009972207962440582
2022-09-16,-0.022562356082741486
2022-09-19,0.02040374698680969
2022-09-20,-0.03696211728017429
2022-09-21,-0.032718020019377514
2022-09-22,-0.02189941757840863
2022-09-23,-0.02704511541320298
2022-09-26,-0.005240279021304528
2022-09-27,0.006184127412270701
2022-09-28,0.024812284629627257
2022-09-29,-0.03820515337951147
2022-09-30,-0.006928550166182212
2022-10-03,0.02255818388195241
2022-10-04,0.07778022083804514
2022-10-05,-0.002110111570604367
2022-10-06,-0.005286599028386019
2022-10-07,-0.045492955104280974
2022-10-10,0.0020043305994095206
2022-10-11,-0.01889317695856907
2022-10-12,0.005437234988423523
2022-10-13,0.025687308836483513
2022-10-14,-0.026361902382971092
2022-10-17,0.01940406464526867
2022-10-18,0.027888547445307887
2022-10-19,-0.014427208138899417
2022-10-20,-0.018789599988397798
2022-10-21,0.03184149070655895
2022-10-24,-0.0017264231468272495
2022-10-25,0.021833058575463138
2022-10-26,0.020520539042162778
2022-10-27,0.01015760344276484
2022-10-28,0.013338722230426425
2022-10-31,-0.015188375423676237
2022-11-01,0.017273376114036676
2022-11-02,0.007479144003969207
2022-11-03,-0.027287217311155243
2022-11-04,0.05878702514522849
2022-11-07,0.023572988922512472
2022-11-08,0.002284007016188916
2022-11-09,-0.041017698403088554
2022-11-10,0.11987262016222178
2022-11-11,0.01241580669602671
2022-11-14,-0.06061673029421433
2022-11-15,0.010257423640845253
2022-11-16,-0.01901429163659618
2022-11-17,-0.022581805395823107
2022-11-18,-0.0019252749881605302
2022-11-21,-0.009838000681817838
2022-11-22,0.010130571643772734
2022-11-23,0.004435991266907413
2022-11-25,-0.0044164001543912645
2022-11-28,-0.025072393512598268
2022-11-29,0.0
2022-11-30,0.02710183554576351
2022-12-01,0.012134078178782426
2022-12-02,-0.0057087054981013186
2022-12-05,-0.05129189303437243
2022-12-06,-0.010490260356506242
2022-12-07,-0.03465856568190995
2022-12-08,0.01942988792482403
2022-12-09,-0.00559360502287376
2022-12-12,0.0068751839894509725
2022-12-13,0.033312480614179796
2022-12-14,-0.01181410313921094
2022-12-15,-0.03809530720809495
2022-12-16,-0.018748610566362456
2022-12-19,-0.012451693674529918
2022-12-20,0.0049998794118855105
2022-12-21,0.03071604993158994
2022-12-22,-0.02182574272373128
2022-12-23,0.005578016651369255
2022-12-27,-0.020908710377739226
2022-12-28,-0.015036186382241468
2022-12-29,0.034070764603023385
2022-12-30,-0.006846318574473265
2023-01-03,0.005601100480017607
2023-01-04,0.030419943809800953
2023-01-05,-0.01455299856918102
2023-01-06,0.016455478418475833
2023-01-09,0.030303118442279287
2023-01-10,0.009871258030199392
2023-01-11,0.04189103415780049
2023-01-12,0.02757035218630799
2023-01-13,0.006148560412345905
2023-01-17,-0.008703576671317714
2023-01-18,-0.009714292778455258
2023-01-19,-0.04734935714042332
2023-01-20,0.0530691765772342
2023-01-23,0.013350874500066778
2023-01-24,-0.009649326771921096
2023-01-25,0.0037474510199786426
2023-01-26,0.0326674667093938
2023-01-27,0.0032539536948239522
2023-01-30,-0.019279302153171973
2023-01-31,0.025353554901508923
2023-02-01,0.021143242354419778
2023-02-02,0.017897808384231606
2023-02-03,-0.014825024475972559
2023-02-06,-0.01977251280902792
2023-02-07,0.05212417656875723
2023-02-08,-0.011367400906660441
2023-02-09,-0.009781976453860475
2023-02-10,0.005025995539959416
2023-02-13,0.019141204333636752
2023-02-14,-0.008460264971544285
2023-02-15,0.005119524206888659
2023-02-16,-0.020342268032788602
2023-02-17,-0.00642910765335003
2023-02-21,-0.02588324153029742
2023-02-22,-0.0034110975470180716
2023-02-23,0.0070257838918028614
2023-02-24,-0.015563593742197401
2023-02-27,0.011266724043502041
2023-02-28,0.012578498760798418
2023-03-01,-0.007098465405040333
2023-03-02,-0.002502308117460883
2023-03-03,0.020605655610971052
2023-03-06,0.0021067747438678897
2023-03-07,-0.021548753073530102
2023-03-08,0.020590897522942964
2023-03-09,-0.04473684784107179
2023-03-10,-0.07603307812238635
2023-03-13,-0.009540765622653602
2023-03-14,0.020870976872884528
2023-03-15,-0.020444284680142588
2023-03-16,-0.0018062665911737774
2023-03-17,-0.02613573441148309
2023-03-20,0.0033028665024463777
2023-03-21,0.05000013181075147
2023-03-22,-0.013129490409428124
2023-03-23,0.004169906518048938
2023-03-24,-0.01028286121469324
2023-03-27,0.0073926660551491
2023-03-28,-0.0013884175743433813
2023-03-29,0.015491765710291983
2023-03-30,0.004302635067842564
2023-03-31,0.022784809743761514
2023-04-03,-0.011233752322839186
2023-04-04,-0.017716209891698753
2023-04-05,-0.023524712577977724
2023-04-06,-0.01003802921522945
2023-04-10,0.02210501899640227
2023-04-11,0.02182538979467674
2023-04-12,-0.004077676841434119
2023-04-13,0.013842672549523094
2023-04-14,-0.0017308151622753565
2023-04-17,0.007898354191056445
2023-04-18,0.013570382911629153
2023-04-19,0.0167828685404805
2023-04-20,-0.017804003031344884
2023-04-21,-0.008308286829393774
2023-04-24,-0.0005711275577843233
2023-04-25,-0.027624390712949087
2023-04-26,-0.014498394658135516
2023-04-27,0.021073619506416286
2023-04-28,0.033294289864307824
2023-05-01,0.003391836737679954
2023-05-02,-0.0381222069323125
2023-05-03,0.001757248641169884
2023-05-04,-0.033326886585513305
2023-05-05,0.038508024605497404
2023-05-08,-0.042709922510523635
2023-05-09,-0.006084249953506982
2023-05-10,0.0034686753354900013
2023-05-11,-0.011590043622424884
2023-05-12,-0.002468586975160725
2023-05-15,0.012786062660858688
2023-05-16,-0.026878308283741714
2023-05-17,0.03347976443207723
2023-05-18,0.01174325620179939
2023-05-19,0.004517660879415519
2023-05-22,0.02318607690669161
2023-05-23,-0.02090259856987109
2023-05-24,-0.013567323539750653
2023-05-25,0.02548539129977412
2023-05-26,0.019329405721673742
2023-05-30,-0.0001934802835055205
2023-05-31,-0.0034834688381791823
2023-06-01,0.018255757361868907
2023-06-02,0.02288772519437332
2023-06-05,0.007831351293940303
2023-06-06,0.008880620047593712
2023-06-07,0.0031176123204053052
2023-06-08,0.00018279819468380865
2023-06-09,0.00859079367659299
2023-06-12,0.00887996655785539
2023-06-13,0.021914884240604282
2023-06-14,0.0024609305174156937
2023-06-15,0.027704761372284503
2023-06-16,-0.024057444725416155
2023-06-20,-0.009964911739498095
2023-06-21,-0.015009805209815874
2023-06-22,-0.010577246260034312
2023-06-23,-0.02899077191236976
2023-06-26,-0.009330089574983158
2023-06-27,0.03446966648940397
2023-06-28,0.014931028780442057
2023-06-29,0.003767484902360785
2023-06-30,0.0008935018918185822
2023-07-03,0.008928631891163441
2023-07-05,-0.02176992201409067
2023-07-06,-0.024606477483298583
2023-07-07,0.017807507681070422
2023-07-10,0.005467448627407778
2023-07-11,0.02066342728939574
2023-07-12,0.040490119792843116
2023-07-13,0.0447174897322371
2023-07-14,-0.010619131227048162
2023-07-17,0.001981511515463108
2023-07-18,0.017633488795649077
2023-07-19,-0.01068819508376495
2023-07-20,-0.001637028619496661
2023-07-21,-0.008197993362982325
2023-07-24,0.0046288131109830655
2023-07-25,0.0026329491596741583
2023-07-26,-0.004103127997626244
2023-07-27,-0.025543860365144555
2023-07-28,0.013867820999753588
2023-07-31,-0.009507997915899624
2023-08-01,0.005894208318635519
2023-08-02,-0.013728451630997007
2023-08-03,0.005601896454972
2023-08-04,0.016036391534291372
2023-08-07,0.026914749163219565
2023-08-08,-0.010030736475913016
2023-08-09,0.006210087775353701
2023-08-10,0.012019032402434515
2023-08-11,-0.006419594870782808
2023-08-14,-0.0020999375775319074
2023-08-15,-0.021527924361668505
2023-08-16,-0.018993074206105076
2023-08-17,0.00016900443078715632
2023-08-18,0.017751600508154164
2023-08-21,-0.0056479852653784635
2023-08-22,-0.013698509149434157
2023-08-23,0.01998636654413466
2023-08-24,-0.011125926255357022
2023-08-25,-0.0008394635209876267
2023-08-28,0.019159662557488355
2023-08-29,0.017809954854795862
2023-08-30,0.0024303469868980354
2023-08-31,0.015193104044909811
2023-09-01,-0.009711813440776207
2023-09-05,-0.003536980803554579
2023-09-06,-0.0041948885419471615
2023-09-07,-0.005508765661966897
2023-09-08,0.02346044411315429
2023-09-11,0.006049028893434949
2023-09-12,0.009335404353245202
2023-09-13,-0.008935509570082933
2023-09-14,0.007908841121749832
2023-09-15,0.010671660086347678
2023-09-18,0.0009316833645203193
2023-09-19,-0.015978870689175695
2023-09-20,0.0031531237748465557
2023-09-21,-0.03536073502673953
2023-09-22,0.01270768292922142
2023-09-25,0.022361655211838194
2023-09-26,-0.032100684177150174
2023-09-27,0.00942940425491079
2023-09-28,0.00740856758577646
2023-09-29,-0.015187911662146503
2023-10-02,-0.00990251905340167
2023-10-03,-0.0326283097117992
2023-10-04,0.013050761529889598
2023-10-05,0.01087511709650646
2023-10-06,0.026646751907965394
2023-10-09,-0.0069321561726251035
2023-10-10,0.007629943272058126
2023-10-11,0.01659413526124265
2023-10-12,-0.028526159728196165
2023-10-13,-0.0171288652995496
2023-10-16,0.0014937861072767955
2023-10-17,0.0016572014362497
2023-10-18,-0.04119778231404836
2023-10-19,-0.04037957803575021
2023-10-20,-0.012587725397680605
2023-10-23,0.005827640406875778
2023-10-24,0.017925163480073447
2023-10-25,-0.02383504876109066
2023-10-26,-0.005648632950663535
2023-10-27,-0.00861280223692984
2023-10-30,0.017744966159541242
2023-10-31,0.006175029971365653
2023-11-01,0.02797841359737463
2023-11-02,0.031079900557978934
2023-11-03,0.04036104398422036
2023-11-06,-0.02799154964934758
2023-11-07,0.04984840354337905
2023-11-08,0.0011229234736938043
2023-11-09,-0.0017625705816612935
2023-11-10,0.02006417657397086
2023-11-13,0.0066090751223706334
2023-11-14,0.04158186866247027
2023-11-15,-0.0033017613409431767
2023-11-16,-0.0032456408673451342
2023-11-17,0.013478866820022972
2023-11-20,0.017483613642165663
2023-11-21,0.0019091804499469234
2023-11-22,0.0033714050590711864
2023-11-24,0.010956747980062298
2023-11-27,-0.002022967011608312
2023-11-28,0.004633616124680939
2023-11-29,0.07725565444961102
2023-11-30,0.014717755683895994
2023-12-01,-0.012790099915295783
2023-12-04,0.004674874999383016
2023-12-05,0.0029248079929466986
2023-12-06,-0.009411570204076236
2023-12-07,0.0101699179359791
2023-12-08,0.01934028829152612
2023-12-11,0.003638748484229959
2023-12-12,0.004013940780691394
2023-12-13,0.02630914752579394
2023-12-14,0.04310122315733089
2023-12-15,0.009637318338033385
2023-12-18,0.007875009588042658
2023-12-19,0.002604523171561013
2023-12-20,-0.03140871786825361
2023-12-21,-0.0021943256503152986
2023-12-22,0.0008552046047858308
2023-12-26,0.003173827161329301
2023-12-27,0.014115294610753004
2023-12-28,0.0028799323633912355
2023-12-29,-0.008734182368924648
2024-01-02,-0.018587781006746185
2024-01-03,-0.01746405605026302
2024-01-04,0.0008761859275789874
2024-01-05,0.016383100717945576
2024-01-08,0.010459037756400669
2024-01-09,-0.00876768302538311
2024-01-10,0.012530686875267483
2024-01-11,-0.006672981230985031
2024-01-12,-0.0009772452873446635
2024-01-16,-0.0029343212990045053
2024-01-17,-0.0042919419267082315
2024-01-18,0.004433510895002213
2024-01-19,0.032246222426788096
2024-01-22,0.0008314348203841693
2024-01-23,-0.0032043770310035136
2024-01-24,-0.007739060171861989
2024-01-25,0.02411808249253311
2024-01-26,0.016403146207242036
2024-01-29,0.004726199228458183
2024-01-30,0.006998536005657474
2024-01-31,-0.013558048800940803
2024-02-01,0.018133433021390255
2024-02-02,0.015541756614666058
2024-02-05,-0.011952662019627525
2024-02-06,0.05799878105655343
2024-02-07,0.012289052251487353
2024-02-08,0.019212492374640622
2024-02-09,0.0049715586845586746
2024-02-12,0.0060806555095016535
2024-02-13,-0.0178242937125489
2024-02-14,0.0007299832740605972
2024-02-15,0.004541515185871869
2024-02-16,-0.005820006883715867
2024-02-20,-0.02634322893643193
2024-02-21,0.005583044852498498
2024-02-22,0.022528057086986575
2024-02-23,0.0003133012846876504
2024-02-26,0.0
2024-02-27,0.002296475509783402
2024-02-28,-0.0017704579177865165
2024-02-29,0.025143411743754118
2024-03-01,0.006818706765651772
2024-03-04,-0.0031335444633527887
2024-03-05,-0.020381213045534974
2024-03-06,0.004036787165144107
2024-03-07,0.01010317182119036
2024-03-08,0.0068380351132719674
2024-03-11,-0.012772472253478662
2024-03-12,0.018379717654341432
2024-03-13,-0.012300794790543357
2024-03-14,-0.011433181576105511
2024-03-15,-0.0014457061392749715
2024-03-18,-0.016028955984630278
2024-03-19,0.006410891730904478
2024-03-20,0.029657413763531926
2024-03-21,0.030831782233267546
2024-03-22,-0.008658100314489436
2024-03-25,0.0008932037946287608
2024-03-26,0.001983261468302411
2024-03-27,-0.005343994041912881
2024-03-28,0.0006965354910410948
2024-04-01,-0.005766621982592812
2024-04-02,-0.0209999442788823
2024-04-03,0.016853836437302983
2024-04-04,-0.013862388569340967
2024-04-05,0.02811458970984293
2024-04-08,0.007133670366723743
2024-04-09,-0.013576153657770762
2024-04-10,-0.012565962873612002
2024-04-11,0.014543858006736965
2024-04-12,-0.03145830983764519
2024-04-15,-0.014903993096878398
2024-04-16,0.004695445220861627
2024-04-17,-0.017239641205509804
2024-04-18,-0.01352631085654099
2024-04-19,-0.007820036573420674
2024-04-22,0.01997411500475854
2024-04-23,0.03704880649185771
2024-04-24,-0.012248748695585454
2024-04-25,-0.019634083559302296
2024-04-26,0.007062278481012596
2024-04-29,-0.002721438670090892
2024-04-30,-0.023194788779145492
2024-05-01,0.0220265052028783
2024-05-02,0.021130989462259997
2024-05-03,-0.021826186375303758
2024-05-06,0.034101614581369954
2024-05-07,0.013129785992584742
2024-05-08,0.0013060390349317608
2024-05-09,0.025584331132657567
2024-05-10,0.010632572420273823
2024-05-13,-0.02802293912697762
2024-05-14,0.02194741633599495
2024-05-15,0.05105419540207934
2024-05-16,-0.03269244884099931
2024-05-17,0.004704801601245867
2024-05-20,0.0022935418246929906
2024-05-21,0.015350806444238474
2024-05-22,-0.006761164412272702
2024-05-23,-0.01692348950602196
2024-05-24,0.023562172928482283
2024-05-28,-0.00930181491759341
2024-05-29,-0.021244363223948848
2024-05-30,0.006104629745072643
2024-05-31,-0.009534814947059433
2024-06-03,0.0032088924766240368
2024-06-04,-0.018028511231119038
2024-06-05,0.02062983077377134
2024-06-06,-0.03781436064478494
2024-06-07,-0.01507688670074736
2024-06-10,0.11184808689053272
2024-06-11,0.011564968237059103
2024-06-12,0.01161417133717002
2024-06-13,-0.01910475958068114
2024-06-14,-0.0016459842292526616
2024-06-17,0.00906745227359873
2024-06-18,0.0028139750500155714
2024-06-20,-0.00389216173697704
2024-06-21,-0.011176702217492562
2024-06-24,-0.012405824511094066
2024-06-25,-0.0004652626163664797
2024-06-26,-0.015267174482055279
2024-06-27,0.0007562989614180449
2024-06-28,-0.005856796795721597
2024-07-01,-0.006936465912027789
2024-07-02,0.013587125095007035
2024-07-03,0.0012272546131779638
2024-07-05,0.00018859366420787005
2024-07-08,-0.009521063140782049
2024-07-09,0.00485383047695831
2024-07-10,0.036654676334799685
2024-07-11,-0.005482009479427785
2024-07-12,0.017363425190870085
2024-07-15,0.03810725722528541
2024-07-16,0.014874772706112926
2024-07-17,-0.024770769925929748
2024-07-18,0.009931448399780551
2024-07-19,0.0020886251156619906
2024-07-22,0.023621347885101285
2024-07-23,0.0007636061817797302
2024-07-24,-0.018904719428357364
2024-07-25,0.008467874689217725
2024-07-26,0.015422930674352298
2024-07-29,0.0007593529114182651
2024-07-30,0.011720121427566399
2024-07-31,0.028835710241779777
2024-08-01,-0.029971593363340543
2024-08-02,-0.09294364524295828
2024-08-05,-0.02200327483965736
2024-08-06,0.0317235283479258
2024-08-07,-0.007390465235075361
2024-08-08,0.03667615334194774
2024-08-09,0.009664863941116986
2024-08-12,-0.008839460720732495
2024-08-13,0.02768655361373784
2024-08-14,0.02219155404844475
2024-08-15,0.015543215941187905
2024-08-16,-0.009482612608215146
2024-08-19,0.009237448732574371
2024-08-20,-0.012730898934561696
2024-08-21,0.0009270345431742211
2024-08-22,-0.0002525406622718718
2024-08-23,0.02947864956819468
2024-08-26,-0.0006545113367467659
2024-08-27,0.001964757291514907
2024-08-28,-0.00620969811533334
2024-08-29,0.004439729895121758
2024-08-30,0.013096468166772901
2024-09-03,-0.04443720550054375
2024-09-04,-0.005073163881550102
2024-09-05,0.006543807783377487
2024-09-06,-0.018574922040965336
2024-09-09,0.019098424404700776
2024-09-10,-0.0033766417023851636
2024-09-11,0.0019481439294419811
2024-09-12,0.01749939868281425
2024-09-13,0.020272590856829753
2024-09-16,0.030455985753053527
2024-09-17,0.01130074570053008
2024-09-18,0.010002280197819902
2024-09-19,0.027466225250975418
2024-09-20,0.003237924267299297
2024-09-23,-0.0047285684632152325
2024-09-24,-0.0015837935640000689
2024-09-25,-0.005438482182845816
2024-09-26,-0.002202508611694687
2024-09-27,0.005784784421619005
2024-09-30,-0.011805536150273022
2024-10-01,-0.005437481285264667
2024-10-02,0.01809504416639518
2024-10-03,-0.009983274107869367
2024-10-04,0.018181720288015013
2024-10-07,-0.014630785116033995
2024-10-08,0.000152479465437505
2024-10-09,0.027407475580468077
2024-10-10,-0.013560528960539608
2024-10-11,0.018554577350504253
2024-10-14,0.007006462488447385
2024-10-15,-0.0055661708236774965
2024-10-16,-0.0008099671318994028
2024-10-17,0.015994516036865525
2024-10-18,0.014291938900955259
2024-10-21,0.005436094086673782
2024-10-22,-0.002845644495207078
2024-10-23,-0.011557377810739622
2024-10-24,0.034139341212164664
2024-10-25,-0.023729738625447916
2024-10-28,0.006219489647400822
2024-10-29,-0.010088750085723852
2024-10-30,0.006100646705059276
2024-10-31,-0.013839358514801448
2024-11-01,-0.004774208192539486
2024-11-04,-0.004330384566213152
2024-11-05,0.015934569681278488
2024-11-06,0.09554644736249629
2024-11-07,-0.010244984029771476
2024-11-08,0.009886519211766975
2024-11-11,0.02431010247786114
2024-11-12,-0.01757536139706173
2024-11-13,-0.006725027769513114
2024-11-14,-0.01058302334793082
2024-11-15,-0.003321760627677084
2024-11-18,0.01619771407029158
2024-11-19,0.002164657287355043
2024-11-20,-0.003927248500251945
2024-11-21,0.03607573674479769
2024-11-22,0.006088756007306406
2024-11-25,0.001954247703380263
2024-11-26,0.014659511762306954
2024-11-27,-0.007688932008435234
2024-11-29,0.017746654758876712
2024-12-02,-0.019770405826449844
2024-12-03,-0.01096153031455227
2024-12-04,-0.0018998073542624283
2024-12-05,-0.003553335520529166
2024-12-06,0.006176713041546433
2024-12-09,-0.035820486474603785
2024-12-10,-0.0035444092716500064
2024-12-11,0.03675644499510833
2024-12-12,-0.010419991496860681
2024-12-13,-0.009052961667886716
2024-12-16,0.011532880467866713
2024-12-17,-0.031322064850818676
2024-12-18,-0.0546848447275734
2024-12-19,0.003987114502221889
2024-12-20,0.028217094395792897
2024-12-23,0.009215390546214897
2024-12-24,0.02443936319862061
2024-12-26,-0.00039322959132404023
2024-12-27,-0.0174403374697375
2024-12-30,-0.009809140105819014
2024-12-31,-0.003234766902195818
