Price,Close,High,Low,Open,Volume
Ticker,META,META,META,META,META
Date,,,,,
2015-01-02,78.02196502685547,78.49934943200917,77.27605711039311,78.15126058854695,18177500
2015-01-05,76.76884460449219,78.81760257132035,76.44064330268932,77.55453518103494,26452200
2015-01-06,75.73450469970703,77.16664247610343,74.94881426174366,76.80861372282907,27399300
2015-01-07,75.73450469970703,76.93790167296241,75.40630345579203,76.34117696715005,22045300
2015-01-08,77.75343322753906,77.80316345177606,75.66489280162277,76.32128775250303,23961000
2015-01-09,77.31584167480469,78.19104517444738,76.77878705123337,77.77333096426887,21157000
2015-01-12,76.30139923095703,77.57441404222261,75.79417978379857,77.41528339693102,19190200
2015-01-13,76.03288269042969,77.65399420105035,75.43615783211254,76.80863335278706,25179600
2015-01-14,75.86380004882812,76.77877852616258,75.61516409817635,76.00303557417176,25918600
2015-01-15,73.64598083496094,76.15222819257032,73.138761307578,75.983157546032,34134000
2015-01-16,74.76980590820312,74.90904143824821,73.4371132220708,73.636026541969,21791500
2015-01-20,75.82402038574219,75.89363815116803,74.41176995123644,75.30686092654548,22821600
2015-01-21,76.3212890625,76.87823874999968,75.43614568781044,75.74445942539133,25096700
2015-01-22,77.22633361816406,77.32578648837693,76.26162484278716,76.74894921826758,19519500
2015-01-23,77.40534973144531,77.76338612476681,76.61965917875466,77.22633153478456,16746500
2015-01-26,77.07715606689453,78.04186491171018,76.86830274808416,77.55454050115264,19260800
2015-01-27,75.36653137207031,76.46052808419121,75.21734827774306,76.29145745157844,20110000
2015-01-28,75.82402038574219,77.21638328202656,75.58533198824888,76.48042296355794,53306400
2015-01-29,77.57441711425781,77.59430465182344,73.80509516702016,76.43069021617367,61293500
2015-01-30,75.49583435058594,77.73355822219743,75.33670367758708,77.57442754919859,42649500
2015-02-02,74.5808334350586,75.72456026123412,73.34760131381454,75.69472516287793,41955300
2015-02-03,74.98860168457031,75.16761986646378,73.45700337009657,74.77974840365573,26957700
2015-02-04,75.21734619140625,75.93341895410114,74.60073388068233,74.68029161938509,20277400
2015-02-05,75.19746398925781,75.56544795946584,74.79964491644843,75.29691686051824,15062600
2015-02-06,74.06368255615234,75.28696725625453,73.84488169264984,75.26707971764861,21211000
2015-02-09,74.03385162353516,74.42172314421691,73.04924768232647,73.6459801028534,16194300
2015-02-10,74.77975463867188,74.92893014621545,74.09351695290171,74.44160578344909,15811300
2015-02-11,76.09254455566406,76.3312329314614,74.62061646475276,74.68028666176042,20877400
2015-02-12,75.81407928466797,76.45058672704279,75.47593043778727,76.44063916419614,17235000
2015-02-13,75.32674407958984,76.06271194298114,75.08805569599188,76.04281681815061,18621900
2015-02-17,75.18750762939453,76.49036513011434,74.67034820668371,74.88914905051911,25254400
2015-02-18,76.29145812988281,76.48042389022858,75.03833074926669,75.52566270091974,22426400
2015-02-19,78.98667907714844,79.40438571714236,76.53015429450082,76.56993696322904,45851200
2015-02-20,79.46405792236328,79.90165207204441,78.76787265026128,79.11596908019612,36931700
2015-02-23,78.40984344482422,79.75248388296619,77.9523541262849,79.52373542981235,24139100
2015-02-24,78.02196502685547,79.0463516058553,77.67387618339325,78.07169525639338,18897100
2015-02-25,79.12590026855469,79.76240767719258,78.07168629570445,78.07168629570445,25593800
2015-02-26,79.97127532958984,80.9260365235219,79.28503763892064,79.44416071069224,31111900
2015-02-27,78.53913116455078,80.78680245068261,78.19104232522602,80.23980028333827,30739200
2015-03-02,79.31487274169922,79.42427317319192,78.09158045672052,78.56896484757665,21662500
2015-03-03,79.16568756103516,79.26514042674626,78.09157840071377,79.17563512393644,18635000
2015-03-04,80.45860290527344,80.70723887989557,78.41978487826489,78.8673341852454,28126700
2015-03-05,80.76690673828125,81.54264974251296,80.60778366478715,80.78680186482273,27825700
2015-03-06,79.5734634399414,80.88626114838273,79.39444522570994,80.45860694703913,24488600
2015-03-09,79.0065689086914,79.47400575020006,78.200983199547,79.24525731729048,18925100
2015-03-10,77.12686920166016,78.82753806733459,77.12686920166016,78.07168270889045,23067100
2015-03-11,77.14677429199219,78.00208270038186,76.83846809400343,77.37552274027844,20215700
2015-03-12,78.49934387207031,78.6186918618475,77.48491251614928,77.67387068192087,16093300
2015-03-13,77.6241455078125,78.94688297607054,77.256161575513,78.17114003727905,18557300
2015-03-16,77.64403533935547,77.69376556521605,76.93791014118463,77.5346349126759,19305400
2015-03-17,78.92699432373047,79.34470088675184,77.9125554275165,77.93245055209856,22170000
2015-03-18,80.46854400634766,80.79673769978788,78.73803229876347,78.81759762531688,36912400
2015-03-19,82.29850769042969,82.54714366532525,80.55805586616079,80.67740386570705,42099500
2015-03-20,83.3427734375,84.13840392448077,82.61675312521011,82.93500683755582,44466300
2015-03-23,83.9693374633789,84.4964444892358,82.8455056457551,83.4621179758817,27357300
2015-03-24,84.84452819824219,85.60038360233878,84.05883769452296,84.24780344248886,32576500
2015-03-25,82.46756744384766,85.05337972379515,82.46756744384766,85.03349218704714,37436100
2015-03-26,82.55709838867188,83.31294635471258,81.69184238939948,82.26867972224774,32794800
2015-03-27,82.84550476074219,83.49195218538622,82.42779058197699,82.92506250109845,18372600
2015-03-30,82.74605560302734,83.87983512638417,81.96037254079083,83.35272803419859,24527700
2015-03-31,81.77140045166016,83.0444154261864,81.76145288811199,82.4476906053482,19734300
2015-04-01,81.22440338134766,82.26867757431626,80.42877276611428,82.0498766891024,22058200
2015-04-02,81.114990234375,82.10953403847579,80.99564983405382,81.80122788729001,19664100
2015-04-06,81.99020385742188,82.35818025463286,80.35915242242352,80.35915242242352,19062900
2015-04-07,81.87084197998047,82.96483859789652,81.77138912158205,82.1990432416853,17467000
2015-04-08,81.83106231689453,82.64658792606456,81.39346061859017,82.17915112792436,18966700
2015-04-09,81.72166442871094,82.34823189577838,81.26417517890594,82.04986571262558,15927300
2015-04-10,81.59237670898438,82.15926638847122,81.46308874270396,81.76144733898967,12529700
2015-04-13,82.55709838867188,83.48202459900841,81.47304149847301,81.48298906290651,26883100
2015-04-14,83.06430053710938,83.23337876141416,81.99019892610934,82.71621170077754,19634200
2015-04-15,82.25872802734375,83.20354931910485,81.82112626746417,83.09414887913495,22390900
2015-04-16,81.86090087890625,82.61675632037229,81.7017778104629,82.02003153511693,13769700
2015-04-17,80.33924865722656,81.66199376039998,79.93148963620024,81.03543388468124,24215000
2015-04-20,82.63665008544922,82.6963278799088,80.79674536403277,81.09511157302697,28796800
2015-04-21,83.16374969482422,84.02899788646528,83.08418437511091,83.54167358181266,27171900
2015-04-22,84.16824340820312,84.27764383887308,83.19359468302932,83.85993724237002,45548000
2015-04-23,81.96035766601562,85.12299964514924,81.96035766601562,83.64113151738093,73728100
2015-04-24,81.08516693115234,82.48747754108095,81.03544428637353,82.31839930308213,29660400
2015-04-27,81.46308898925781,82.47752036012712,81.18461034234082,81.42330632541253,25446000
2015-04-28,80.23979187011719,81.45313648662963,79.79225020759162,81.38351872606417,23775300
2015-04-29,80.03093719482422,80.94591562854235,79.08611607472612,79.57344797796515,26430300
2015-04-30,78.34022521972656,80.51827894326469,77.89268346809713,79.57346520637219,28999000
2015-05-01,78.55900573730469,79.324808645191,77.68381000177241,78.8076416654661,24136400
2015-05-04,78.3800048828125,79.25520839947879,78.2009866714733,78.8971719768004,14692000
2015-05-05,77.1368179321289,78.37005775899682,76.79867666808816,78.12142179857838,22311300
2015-05-06,77.67387390136719,78.3799991310071,76.62960740166062,77.54458593124184,28663000
2015-05-07,78.0020751953125,78.50929468817529,77.13681930604864,77.57442103226495,19749400
2015-05-08,78.08164978027344,78.79772265795289,77.60426533256434,78.66842708473564,19943600
2015-05-11,77.5843734741211,78.59880493586901,77.50480813930261,78.05181033146978,18874100
2015-05-12,77.0373764038086,77.46503062218076,76.37103375287964,77.4451430810379,21285300
2015-05-13,78.01202392578125,78.10152923233706,77.22633335457627,77.29595112226443,21512300
2015-05-14,80.92603302001953,81.40340980243492,78.24076016480618,78.50929124421108,49438000
2015-05-15,79.98121643066406,81.07521317320631,79.74252802576355,80.96582032794291,27069900
2015-05-18,80.4386978149414,80.9359697025931,79.79225043120768,79.89170329118464,21613700
2015-05-19,80.19007110595703,81.24429278886625,80.11051336147354,80.80669104925232,17955400
2015-05-20,80.11051177978516,80.65750635573508,79.02645501562709,80.03094644910487,23056900
2015-05-21,80.04088592529297,80.47848002428621,79.64306689985355,79.75246732154356,13402700
2015-05-22,80.1005630493164,80.86635847959448,79.81214442062877,79.91159728864615,19567900
2015-05-26,78.89716339111328,80.16023070916988,78.64852743507505,79.99116008012803,16321300
2015-05-27,80.11051177978516,80.21991221252866,78.99661991356388,79.16569055043381,14160900
2015-05-28,79.71270751953125,80.62768622899469,79.56352439373919,79.81216040746963,11982000
2015-05-29,78.75791931152344,79.63311505015642,78.44960559982984,79.51376707262023,16134600
2015-06-01,79.8519287109375,79.94143401764498,78.23082492472763,78.86733239831725,18119000
2015-06-02,80.00110626220703,80.9061371809273,79.12590285588658,79.32481616994446,18923300
2015-06-03,81.99020385742188,82.07970916881871,80.8066941549437,80.90614703019618,31775000
2015-06-04,81.60232543945312,82.49740882888472,81.06527085313375,81.69183074328933,20863900
2015-06-05,81.69183349609375,82.01008723340355,81.06527358482471,81.42330998776919,16143100
2015-06-08,80.22985076904297,81.55259591407942,79.69279617810108,81.37357771709878,16915500
2015-06-09,80.22985076904297,80.7470178215503,78.88721808557197,80.16023300287091,16497500
2015-06-10,81.71171569824219,82.14930977547303,80.36907560568541,80.38897072923969,21531200
2015-06-11,81.38353729248047,82.44769906833444,80.91610039871654,81.8609141630451,18656800
2015-06-12,81.08516693115234,81.6421091143913,80.75696560698589,80.9260438449847,11417900
2015-06-15,80.26963806152344,80.48843893575527,79.63313056617694,80.11051498157074,18805100
2015-06-16,80.61772918701172,81.06527851177711,80.01105677780413,80.37904076646437,13693700
2015-06-17,81.34375,81.77140419895603,80.8962006730359,81.31391489575601,18350300
2015-06-18,82.45763397216797,82.73610503520167,81.12494127194863,81.19455903770705,26782600
2015-06-19,82.05982208251953,82.52725894533509,81.67195055545301,82.37807583774766,23353200
2015-06-22,84.27764129638672,84.50638971391413,82.85544332834954,82.954903780698,29383100
2015-06-23,87.40050506591797,87.4900179521778,84.29753331389303,84.49643903572188,50667900
2015-06-24,88.37516021728516,88.76303168147699,86.97284985615559,87.1817107255821,41370200
2015-06-25,87.49996948242188,88.91221989964146,87.36072636550718,88.77298437049402,27302000
2015-06-26,87.5298080444336,87.85800175453463,86.35624597537996,87.63920847705646,38214600
2015-06-29,85.33187103271484,87.02259265490294,85.26225326210164,86.1374491766345,35957900
2015-06-30,85.3020248413086,86.22695094879892,85.10311910136626,86.12749807882774,23016500
2015-07-01,86.4358139038086,87.47013288152804,86.01809969952706,86.2965707772029,25260000
2015-07-02,86.8137435913086,86.96292670357089,85.86892227215962,86.92314403444972,16908800
2015-07-06,87.07231140136719,87.70881881666915,85.91863696877805,86.0180898297127,24635900
2015-07-07,86.7441177368164,87.37067764463016,84.76497755595314,87.32095500368673,33059900
2015-07-08,85.18267822265625,86.27667488812226,84.98376490944703,85.81918564939164,24399300
2015-07-09,85.41142272949219,87.12203935798621,85.18268189415134,86.2567910684756,23307400
2015-07-10,87.47012329101562,87.73865436345167,86.29656131536368,86.87339853459888,23245900
2015-07-13,89.60840606689453,89.72775406941368,87.93757197046624,88.17626797550456,29976700
2015-07-14,89.19068908691406,90.30458088449384,89.16085398668938,89.96643204382421,26627800
2015-07-15,89.27025604248047,90.49354070062832,88.93210719563731,89.50894443640271,30886600
2015-07-16,90.35430908203125,90.36425664530728,89.28019988124714,89.78741937957868,21804100
2015-07-17,94.45183563232422,94.86954225030046,92.03509364579335,92.04504120939312,54001600
2015-07-20,97.37580108642578,98.06203124730892,94.83971099705484,95.32703540447554,54860500
2015-07-21,97.8531723022461,98.69853308749647,96.60999244518152,98.41011445012538,39453300
2015-07-22,96.51053619384766,97.04759078382112,95.39664434933596,96.21217000349549,28299500
2015-07-23,94.91925811767578,96.91828559597663,94.29269069775363,96.43096128207792,29418800
2015-07-24,96.4210205078125,97.22660616331436,95.35685892178297,96.81883955416602,33444900
2015-07-27,93.65619659423828,96.08288612154175,93.31805531270531,96.05305101879092,38585400
2015-07-28,94.77008819580078,95.0386117075033,92.80088795483404,94.3225388926063,35236000
2015-07-29,96.46080780029297,96.74922643304605,94.22308409340614,95.79446522863978,64648300
2015-07-30,94.69052124023438,95.28724604649621,91.29913057885626,94.39216263098726,86211300
2015-07-31,93.4970703125,95.8044117619516,93.43739252127598,94.43193638031146,46509000
2015-08-03,93.62635803222656,94.5612316853057,92.29367290681094,93.01968567281573,29343100
2015-08-04,93.54679107666016,94.2131412155532,92.82077832327462,93.27826757872364,20136000
2015-08-05,95.913818359375,96.56026583909154,94.66069089185694,94.73030866295417,29813200
2015-08-06,94.60101318359375,98.20125704311052,93.90482794005446,96.64977107438031,42271300
2015-08-07,93.78549194335938,94.87948870575363,93.09925423057918,94.85959357878647,23199100
2015-08-10,93.63630676269531,95.3767585330511,93.11913970178261,95.15795766787785,21624200
2015-08-11,93.10920715332031,94.24298664714019,92.39313429664078,93.21860759463347,22491000
2015-08-12,93.67609405517578,93.924730034651,90.69246230147294,92.19421815431046,27050500
2015-08-13,92.92023468017578,94.21314475466701,92.8406693489956,93.53685461517074,17451800
2015-08-14,93.90483093261719,94.20319713046628,92.70143375342303,93.02963505350351,15929700
2015-08-17,93.41749572753906,93.94460270656288,92.88044118633555,93.90482004561075,18313500
2015-08-18,94.6507339477539,95.32702405186139,93.52690215777015,93.5666848212785,22278800
2015-08-19,94.78997039794922,95.57566093740341,93.64625105897262,94.11368028726505,23251300
2015-08-20,90.06588745117188,94.25291609443478,89.96643458502474,93.02963142406718,44598200
2015-08-21,85.59043884277344,88.69341829718023,85.14289715824418,87.04247191150532,62778700
2015-08-24,81.64209747314453,81.64209747314453,71.60715410280956,76.60970823789366,83710700
2015-08-25,82.5471420288086,87.19166012671468,82.5471420288086,86.47558731916894,52021200
2015-08-26,86.71427917480469,86.98280267093435,82.80572160997266,85.48103935943962,45124300
2015-08-27,89.24042510986328,89.5686188214226,86.714282760582,88.61385761337235,42431400
2015-08-28,90.51343536376953,90.98087217414698,89.30009068690052,89.38959598875125,33215900
2015-08-31,88.94204711914062,90.55321071220725,88.40499258811842,90.10566147580545,32850700
2015-09-01,86.75405883789062,88.90226949592517,86.02803852673537,86.3761273384809,36097400
2015-09-02,89.39955139160156,89.39955139160156,87.1518800322186,88.32544214859365,27190500
2015-09-03,87.6690444946289,89.32993095231357,87.25133788630718,89.27026074762979,27048200
2015-09-04,87.77843475341797,87.90772271116874,86.22694132157483,86.72421320367795,27328700
2015-09-08,89.04151153564453,89.74763677335633,88.3453338612153,89.20064219709553,27012500
2015-09-09,89.94654846191406,91.47814690552991,89.67801737254831,90.2846897296873,32551100
2015-09-10,91.47815704345703,91.5577147937828,89.14097266049647,89.57857443224539,26437400
2015-09-11,91.54776000976562,91.57759510978309,90.6327739452171,91.17977607142724,21185000
2015-09-14,91.80633544921875,92.1146491858905,91.10021026406359,91.80633544921875,20127900
2015-09-15,92.39313507080078,92.74122393800103,91.28919067213127,91.86602798793066,18859400
2015-09-16,92.94012451171875,93.08930761441971,92.12459881642371,92.393129918839,16321200
2015-09-17,93.82526397705078,94.98888605830187,92.39312598036614,92.86056280794523,27841800
2015-09-18,93.88494110107422,94.67063165430739,92.54230841907523,92.69148392658934,62300000
2015-09-21,95.02867126464844,95.96353735704145,94.0042846891818,94.10374514791457,28790000
2015-09-22,92.45278930664062,94.16340583020933,91.41846286011612,93.2583673440878,36888900
2015-09-23,93.45728302001953,93.80537183589266,92.29366858362921,92.89039335194985,21701400
2015-09-24,93.89488983154297,94.25291864179557,91.73672388020847,92.55224954508375,29106000
2015-09-25,92.26383209228516,95.32702905323492,91.55770685044106,95.26735884872538,28961600
2015-09-28,88.72325897216797,91.78645595564355,87.69887998579401,91.57760265055671,41199900
2015-09-29,86.19711303710938,89.5686160572855,85.25229942152676,88.6138548786997,42281800
2015-09-30,89.40950012207031,89.52884053656112,87.52981271616031,87.95746690621098,36169100
2015-10-01,90.45375061035156,90.45375061035156,87.8778859518557,89.5586673096917,29283700
2015-10-02,91.5676498413086,91.69693780721241,87.88784071679964,88.41494773102619,37881700
2015-10-05,93.4970703125,93.75564625265663,92.1544376203556,92.43290868684274,27292500
2015-10-06,92.29367065429688,93.6561908481074,91.83617381429414,93.56668554534639,22172800
2015-10-07,91.8958511352539,93.14897848188828,90.87147220745433,92.60197634191412,24129300
2015-10-08,91.96546936035156,92.71137723436185,89.97638169632413,91.38863211671946,27290500
2015-10-09,92.73126220703125,93.22853410928138,91.73671840253097,92.39312095562934,20012900
2015-10-12,93.7457046508789,94.08384591495621,92.16437599680764,92.81083101151894,18449600
2015-10-13,93.6064682006836,94.84964799070016,93.03957851994673,93.14897894848957,19480300
2015-10-14,93.5567398071289,94.68057162772804,93.09925054597083,93.56668737021879,19253400
2015-10-15,95.4364242553711,95.77457310051408,94.38221023206167,94.47171553391978,27557500
2015-10-16,97.0078125,97.05753514212583,94.82975894026643,95.6552321947863,25412900
2015-10-19,97.93273162841797,98.03218449333063,96.39118566508644,96.64976918407314,23729900
2015-10-20,96.47075653076172,99.04662154239276,96.03315479470147,98.19132078482502,30881800
2015-10-21,96.58016204833984,97.64432375432568,95.94365453753157,96.83874559578322,21917800
2015-10-22,99.12617492675781,99.18585271215274,97.0177470077165,97.256435385996,26392100
2015-10-23,101.63243103027344,102.28882597765204,99.6135083763991,101.35395998667241,42809700
2015-10-26,103.20381164550781,103.24359430991255,100.99593067930027,101.64237810951694,25961200
2015-10-27,103.13419342041016,103.53201247491836,101.84129097796765,102.37834556338863,23795500
2015-10-28,103.63146209716797,103.90994073804241,102.3584472328104,103.33310350645317,24081500
2015-10-29,104.30775451660156,104.54645049981276,102.95517429614054,103.39277601092714,20316700
2015-10-30,101.41364288330078,104.14863861332391,101.09538913822698,103.93978530447247,33487100
2015-11-02,102.74632263183594,102.90545328983484,100.62794696465538,101.16500155375061,24003900
2015-11-03,102.02031707763672,103.08447876793115,101.84129886862607,102.65682457905949,21242300
2015-11-04,103.37289428710938,103.57180002987225,101.9208611191907,102.62698637009699,43469300
2015-11-05,108.16659545898438,110.0462828015955,107.36100974945983,108.20637812506428,63232900
2015-11-06,106.5156478881836,108.14669924218374,105.33214583224628,107.45052156222062,35084300
2015-11-09,105.90897369384766,107.659373014783,105.28241379265584,106.41619318782246,26383500
2015-11-10,107.32123565673828,107.559924067642,104.66579768283425,105.3818705033132,25031700
2015-11-11,108.41522216796875,109.27053044618835,106.52558742334949,107.67925429002452,25057100
2015-11-12,107.43062591552734,108.79315375430919,107.41073837666792,107.88812277473752,20924700
2015-11-13,103.38282775878906,107.6593692490547,103.26348735574636,107.12231467206084,30278400
2015-11-16,103.47234344482422,103.60163141420313,99.92182219078568,102.75627065614965,49309200
2015-11-17,104.556396484375,105.62055814377771,103.57180015728238,104.04918456337536,26807200
2015-11-18,107.1819839477539,107.29138437477621,104.8149723920571,105.22273899964338,23836500
2015-11-19,105.68022918701172,107.14220982681942,105.3719154409442,106.77422587921436,25520600
2015-11-20,106.73444366455078,107.28144580683653,106.0382660177937,106.25705928694073,22129600
2015-11-23,106.36647033691406,106.88363742994869,105.50122197350954,106.60516634343837,19897200
2015-11-24,105.16307067871094,105.90897860950784,103.82043792083009,105.42165421929553,23577300
2015-11-25,104.83487701416016,106.01837910533389,104.52656324291053,105.74985558871555,15150800
2015-11-27,104.87464141845703,105.381860884628,104.28786421442494,105.20284269584808,5913100
2015-11-30,103.67124938964844,105.52110156820144,103.18392502494886,105.2625180411544,20383200
2015-12-01,106.53553771972656,106.565372820561,103.92983015552298,104.25803144023614,22781900
2015-12-02,105.49127197265625,107.33117668411097,105.21280089257894,106.41619811020897,24429100
2015-12-03,103.81048583984375,106.26701039908158,102.78610687350158,105.69017313663555,23236500
2015-12-04,105.60066986083984,107.14221591547846,103.54196432536325,104.23814200875431,21224700
2015-12-07,105.03378295898438,106.24712774342204,104.08896927943984,105.89903889241972,15474900
2015-12-08,105.90897369384766,106.3266878824097,103.38283137493174,103.43256160311716,20401800
2015-12-09,104.02928924560547,105.85925394654308,102.98502271507951,105.60067041089334,23517300
2015-12-10,104.84481811523438,105.81947449442875,103.84033422028213,104.47684172139228,17454300
2015-12-11,101.56282043457031,103.7707014022147,101.35396713713506,103.58174323087846,26427700
2015-12-14,104.08897399902344,104.16853174873992,100.90642878954938,101.73190209347466,24648100
2015-12-15,103.97956085205078,105.22274064421893,103.71102976779278,104.72546872735167,21764300
2015-12-16,106.20734405517578,106.5057026726939,103.62153143117982,104.79509353739377,22680500
2015-12-17,105.64044952392578,107.1621004084908,105.55093663130978,106.90351688153811,21675700
2015-12-18,103.47234344482422,106.00842571898464,103.40272567857905,105.50121381681302,35994200
2015-12-21,104.19835662841797,104.57628815049993,103.03474213601999,104.33759974923643,16138800
2015-12-22,104.93431854248047,105.08350163014747,104.23813332929012,104.6458999297288,14597100
2015-12-23,104.05912780761719,105.53105615051719,103.29333232643967,105.31225527367563,19599700
2015-12-24,104.4469985961914,104.74536480574575,103.92983909910083,104.16852751408356,6501800
2015-12-28,105.35203552246094,105.40176575251705,103.9596725463354,104.44699693226062,13069700
2015-12-29,106.67477416992188,107.15215096292924,105.67028276914154,105.839353400508,17179900
2015-12-30,105.64044952392578,106.66482848084118,105.48131886494953,106.41619251701638,13115000
2015-12-31,104.08897399902344,105.59072990826402,104.04919133028109,105.4216592569352,18391100
2016-01-04,101.66226959228516,101.68215712989111,99.20574516464177,101.3937385141185,37912400
2016-01-05,102.16949462890625,103.14414336782694,101.11527297192359,102.32861770172764,23258200
2016-01-06,102.4081802368164,103.20381075474181,100.34947479518637,100.57821562883008,25096200
2016-01-07,97.38574981689453,100.8766014946687,96.76913737307132,99.95167524116508,45172900
2016-01-08,96.7989501953125,99.95165223067877,96.50058401921858,99.33503234104263,35402300
2016-01-11,96.97797393798828,98.06202310353726,94.86953822265251,97.37579299964356,29932400
2016-01-12,98.82783508300781,99.41461237161606,97.01776539678755,98.45985108976265,28395400
2016-01-13,94.91925811767578,100.031212395865,94.69050971610156,100.031212395865,33410600
2016-01-14,97.8332748413086,98.33054673370319,91.94556986865373,95.32702025449036,48658600
2016-01-15,94.45183563232422,95.85413858917813,93.02963754827078,93.46723929344655,46132800
2016-01-19,94.74024963378906,96.88846041227242,93.40755692411108,96.00331698944707,30998300
2016-01-20,93.83522033691406,94.48167542315242,88.8823957059874,92.32351686876163,59051400
2016-01-21,93.64625549316406,95.46626502900308,92.11465700562903,94.39216340404211,30518900
2016-01-22,97.40563201904297,97.5349199944797,94.96899491075798,95.88398106569593,30495400
2016-01-25,96.48070526123047,98.93722989293684,96.40113992866294,98.18137440908079,32482000
2016-01-26,96.80889892578125,97.34595353866258,95.13807246939632,97.22661312764522,26877100
2016-01-27,93.93466186523438,97.31611241043377,93.71586859599356,97.25644220861967,58699400
2016-01-28,108.51468658447266,109.73797134414187,104.23814473804629,106.61510407499065,107475300
2016-01-29,111.59776306152344,112.22432294736232,108.2461475985679,108.39533069170116,62739500
2016-02-01,114.46205139160156,115.08861889154078,111.39886201099513,111.65743795634158,46132700
2016-02-02,113.98466491699219,116.94840117603317,112.58235452434437,114.17363066606964,59778600
2016-02-03,112.07516479492188,114.71070030135199,109.15120303274688,114.64108252547966,56919300
2016-02-04,109.88713836669922,111.32923137725,108.65390622383632,111.18999585730258,38890200
2016-02-05,103.5021743774414,108.98211291493102,102.6170309903622,108.91249515148998,76894700
2016-02-08,99.20574188232422,102.11975545616282,96.92823571955638,99.86214441810979,71229700
2016-02-09,98.99689483642578,101.84129082849897,96.29173437506103,96.60998810064703,62709000
2016-02-10,100.44893646240234,102.68666029448556,99.69308095454586,100.99593865646321,45179400
2016-02-11,101.35396575927734,104.5365029927886,98.340491568705,99.05656434318685,43670600
2016-02-12,101.45342254638672,103.67125113265143,100.5384364170908,103.17397919645983,36176800
2016-02-16,101.05561065673828,103.36295230102151,99.69308272321172,103.23366432002614,45687200
2016-02-17,104.62601470947266,105.14318178397603,99.85220856656312,101.4633648201467,44073400
2016-02-18,102.90544891357422,105.42164353097841,102.4678472104545,105.22273780470604,29593500
2016-02-19,103.99944305419922,104.44698472131078,101.50313603502899,101.99046795174776,32404500
2016-02-22,106.57530975341797,107.65935877703572,104.76523288048587,104.91441595754546,35709700
2016-02-23,104.88459777832031,106.8836331227378,104.54645649768939,106.2670131790507,25319300
2016-02-24,106.2968521118164,106.36646988314699,102.17944086393769,103.64142164964801,34412400
2016-02-25,107.48035430908203,107.48035430908203,105.03377733169908,106.52559311701313,29906300
2016-02-26,107.33116912841797,108.85281998584209,106.57532127506478,108.10691210767204,26686200
2016-02-29,106.33663177490234,108.31577959552101,106.16756113327195,107.01292192919175,32779000
2016-03-01,109.22080993652344,109.22080993652344,107.01292128182429,107.24166971564523,26817300
2016-03-02,109.35009765625,109.94683006038699,108.17653556269107,109.08157414460253,25670200
2016-03-03,108.98210906982422,109.69818180439171,107.94778262964526,109.64845158035963,21353100
2016-03-04,107.79861450195312,109.44956104546468,107.34112521089723,109.44956104546468,24938900
2016-03-07,105.15312194824219,107.48035085644516,104.1486305604902,107.48035085644516,31436400
2016-03-08,105.35203552246094,106.78418116507781,103.8303845710644,104.2083085210804,25617000
2016-03-09,106.92341613769531,106.92341613769531,104.91443322324444,106.11783042410545,20493300
2016-03-10,106.73444366455078,108.06713634404367,105.19289769103075,107.32122847061797,24854300
2016-03-11,108.81304168701172,108.82298166190047,107.33116594974139,107.8881156419624,20697600
2016-03-14,109.2904281616211,109.72802990409573,108.17653626612554,108.68375577783316,17249400
2016-03-15,110.06616973876953,110.22530040221882,108.24615261134859,108.51468370897734,17618500
2016-03-16,111.56793212890625,111.88618586518986,109.49927904917897,109.88715055315687,24744800
2016-03-17,110.41425323486328,112.07514720619363,110.12584219991773,111.53809262470426,24241200
2016-03-18,110.8419189453125,111.80662778000149,109.6683567940055,110.9513193856031,36256900
2016-03-21,111.2397232055664,111.75689023393834,110.42419758799566,111.05076504207061,18448000
2016-03-22,111.63755798339844,112.2641179380339,110.5634487002221,110.75241447812391,19001100
2016-03-23,111.92596435546875,112.57241936723945,111.38890977281773,111.39885733576514,18562000
2016-03-24,112.43318939208984,112.47296447031009,111.07066153613198,111.51820324990277,17839100
2016-03-28,113.06969451904297,113.96477792795518,112.33372659523545,112.70171055713921,21351800
2016-03-29,115.5063247680664,115.68534296866267,113.01996508632266,113.20893085022081,29825300
2016-03-30,114.07418060302734,116.35168701078116,113.73603932417096,116.09311106380898,33235200
2016-03-31,113.47745513916016,114.38249371167959,113.14925383784424,114.07417994933694,21207500
2016-04-01,115.4267578125,115.53615824397826,112.73154486595828,113.1293639269913,24760500
2016-04-04,111.9359130859375,113.92500078119882,111.00103944107912,113.44761639571844,48487900
2016-04-05,111.60771179199219,112.70170850680142,111.2894580642701,111.49831136173452,22962400
2016-04-06,113.0895767211914,113.18902958551443,111.806614284453,111.8563445104981,20814600
2016-04-07,113.01996612548828,114.26314597779061,112.45307641634912,113.1691492253181,20714500
2016-04-08,110.0263900756836,113.70620709681522,109.3003772702434,113.62664176291914,48497800
2016-04-11,108.39533233642578,110.3048622995243,108.17653147487937,110.09600141330824,39762300
2016-04-12,110.00650024414062,110.55350241856979,108.3953364112683,108.74342525510154,26248100
2016-04-13,109.90705108642578,112.03537447522699,105.93881536933921,111.61766784851302,88227400
2016-04-14,110.23524475097656,111.42870201088857,109.65841504250879,110.0164514617056,28473300
2016-04-15,109.04178619384766,110.36453132433498,108.60418447542662,110.18551312932341,20922800
2016-04-18,109.84736633300781,110.20540272973064,108.60418650765568,109.1412411027399,21167200
2016-04-19,111.67733764648438,111.83646072798683,108.56441790961944,110.49382795403152,30210500
2016-04-20,111.8066177368164,112.65197849131593,110.95130941924727,111.81656529988602,21027900
2016-04-21,112.82106018066406,113.41778499113899,111.6972207400392,111.93591673444328,20875200
2016-04-22,109.95677185058594,111.14028152714867,108.41523334850767,110.60322690722359,38458200
2016-04-25,109.49927520751953,110.06616489250376,108.47489626691358,109.27053437359234,21017900
2016-04-26,108.16659545898438,109.89709970073778,107.55992307985935,109.88715213727588,22521500
2016-04-27,108.2958755493164,108.345605775238,105.72995068221178,107.35106195894323,52213100
2016-04-28,116.09310913085938,120.13095480965718,115.59583719651413,118.92755763907378,87110100
2016-04-29,116.93846893310547,117.19704487363062,115.207957152725,116.18261347458645,37140600
2016-05-02,117.9230728149414,118.0822034849772,115.93398496610187,117.18711243544581,28095200
2016-05-03,116.78927612304688,117.51529641941156,116.38150953204703,116.87878142091502,24117500
2016-05-04,117.41585540771484,117.65455141707588,115.93398705816368,115.97376972639053,23448400
2016-05-05,117.16720581054688,118.33082785463898,116.61026369560858,117.39595422933495,22056700
2016-05-06,118.83804321289062,118.98722630882406,116.47103156752509,116.52076179542539,26395600
2016-05-09,118.58940887451172,119.62373540932302,118.25126760101041,118.8877750704685,21138100
2016-05-10,119.84253692626953,119.84253692626953,118.35072111390933,118.96734104794788,23220000
2016-05-11,118.86787414550781,120.41936766592607,118.76842128096276,119.75302512693027,22038400
2016-05-12,119.62374114990234,120.18068331546318,118.2512732757269,119.32538252739529,22035500
2016-05-13,119.15630340576172,119.98177667196492,119.02701542908338,119.72319313084037,18124300
2016-05-16,118.02252960205078,118.9574033500804,116.70973188181067,118.72865490126335,31247800
2016-05-17,116.70972442626953,118.36067093219648,116.56054132463781,118.17170516427845,21328600
2016-05-18,117.00808715820312,117.62469949792823,116.09310862406633,116.16272639106005,21642300
2016-05-19,116.17267608642578,116.84896627427747,115.24774991168404,116.41137209703332,20544100
2016-05-20,116.70972442626953,117.34623191131497,116.31190535117419,116.3218529146877,18944800
2016-05-23,115.33724975585938,116.9583534752691,115.30741465485296,116.77933528146329,20441000
2016-05-24,117.05780792236328,117.0876506115401,115.4864344085839,115.60577481422158,20183600
2016-05-25,117.24678039550781,118.02252342764338,116.73956087920078,117.48546880821849,20019800
2016-05-26,118.81815338134766,119.10657200451485,117.27660739939782,117.59486112362244,18481300
2016-05-27,118.72864532470703,119.19608216101877,118.36066894632619,118.90766352610797,13493600
2016-05-31,118.16175842285156,119.44472096538192,117.47552829099973,118.8082134759081,23547600
2016-06-01,118.13191986083984,118.43028605744263,117.17715865458557,117.85344879081997,15029500
2016-06-02,118.28109741210938,118.78831688743999,117.57497220688339,118.04240901868148,13228300
2016-06-03,117.82361602783203,118.33083553701941,117.21694364705851,118.33083553701941,14135100
2016-06-06,118.1418685913086,118.77837606843312,117.71421441876232,117.97279795252156,12744700
2016-06-07,117.11748504638672,118.64908347474821,117.02797215490052,118.58940568450163,17103000
2016-06-08,117.74404907226562,117.95290237604763,116.63015719766057,117.11748916091956,14505600
2016-06-09,117.91311645507812,118.03246444870189,117.06775569993687,117.48546229596892,13859200
2016-06-10,115.98371887207031,117.46558724182985,115.6256824409143,116.89869749046088,18510800
2016-06-13,113.3282699584961,114.84992843998923,112.6917624942941,114.37254404795398,31718200
2016-06-14,114.31287384033203,114.32281381575196,112.9602935820086,113.44761794944694,17618500
2016-06-15,113.97472381591797,114.81014459646205,113.44761678888972,114.6709090643326,19819400
2016-06-16,113.76588439941406,113.875284843403,112.32379867449578,113.24872487236777,19236300
2016-06-17,112.40333557128906,113.80564595437426,111.94584633938119,113.79569839192038,24644300
2016-06-20,112.7514419555664,114.09407467063492,112.13482202083995,113.14925343575885,20785400
2016-06-21,113.75592803955078,114.58140129390803,113.34816898802119,113.4973520899048,19166300
2016-06-22,113.28849029541016,114.11395590016019,112.99012411399492,114.02445059839594,14846300
2016-06-23,114.45211029052734,114.46205026602686,112.92051182140145,113.74598505391556,16176900
2016-06-24,111.46847534179688,113.05974396729455,110.39436617417319,110.40431373714212,40643100
2016-06-27,108.37544250488281,110.96125494856808,107.63948219433586,110.96125494856808,36130400
2016-06-28,112.08509826660156,112.13482849838212,109.94683487986237,110.026392627836,26813800
2016-06-29,113.5371322631836,113.62663756968773,112.42324039304853,112.7514416924322,20968300
2016-06-30,113.6564712524414,114.55156224514222,113.04979889004238,114.04434275131717,23192700
2016-07-01,113.56697082519531,114.50183693526783,113.18903928550607,113.57691080104242,14980000
2016-07-05,113.57691955566406,113.57691955566406,112.35363470860904,113.31834358388708,14207000
2016-07-06,116.06327056884766,116.15278346585244,112.35362605584895,112.74149757141144,24337600
2016-07-07,115.21791076660156,116.33180268040132,114.73058637396262,115.9936538044503,16630200
2016-07-08,116.6003189086914,116.8589024343977,115.21790356351013,115.7947408178675,18142600
2016-07-11,117.22688293457031,118.05234853945008,116.858898989136,117.06775228105259,17711600
2016-07-12,117.28656768798828,118.07225831473971,116.92853126091755,117.98274541408797,15217700
2016-07-13,116.14283752441406,117.75400140309307,116.04338465017243,117.74405383933852,16207700
2016-07-14,116.65005493164062,116.99814377905754,116.06327008505113,116.85890824009077,14579700
2016-07-15,116.22239685058594,117.63464732000489,115.94392578199826,117.09759272154257,16646000
2016-07-18,118.71870422363281,118.95739262731533,116.2522320930217,116.6798862596603,20868400
2016-07-19,119.95193481445312,120.19062321479147,118.01257733464018,118.34077103969261,21541300
2016-07-20,121.2547836303711,121.53325469262755,119.9022033956106,120.58844107600497,20046500
2016-07-21,119.95193481445312,121.43380303204783,119.5938984200619,121.25478483485222,17801700
2016-07-22,120.33980560302734,120.34975316608181,118.65902407189124,119.24580888782603,18422400
2016-07-25,120.96636962890625,121.18517049697613,117.13737720098634,120.72768122181532,18487400
2016-07-26,120.55860900878906,121.40396977984746,120.09117217633732,121.3343520125313,17612000
2016-07-27,122.66703796386719,124.31798443935021,120.84702843837849,121.75205941945781,52654200
2016-07-28,124.31798553466797,127.62981849037577,122.95545768161165,126.8242327844291,78955800
2016-07-29,123.2637710571289,125.15339836108924,123.03502262584792,123.96989630220935,35058800
2016-08-01,123.63174438476562,123.90027547519502,122.18965882781538,123.17425512126577,25006900
2016-08-02,122.41840362548828,124.11908035250552,121.40397219756964,123.38311241162948,23968400
2016-08-03,121.8415756225586,123.2438785794755,121.64266228939348,122.41840531931787,18525300
2016-08-04,123.68147277832031,124.10912693382248,121.84156818846866,122.26922234397081,21066000
2016-08-05,124.46717071533203,125.15340084727173,123.94006366189727,124.2981000732431,20184000
2016-08-08,124.5765609741211,124.7655191401732,123.8704357727006,124.56661341134978,15233900
2016-08-09,124.37764739990234,125.40202631797881,123.85054039062162,124.65611845478522,19621000
2016-08-10,124.1986312866211,124.79536365737088,123.86049002511236,124.38759704320968,10670100
2016-08-11,124.2185287475586,124.69590554781158,124.06934565206676,124.51688735077485,11729500
2016-08-12,124.1986312866211,124.31797927832451,123.50245363776939,124.01961309294961,12159000
2016-08-15,123.22399139404297,124.23842283891196,123.02507806030641,124.22848286305101,19295100
2016-08-16,122.62725830078125,123.24387062437268,122.1100912557017,122.82616403333965,14222400
2016-08-17,123.69142150878906,123.70136148410879,122.17971060577315,122.98529628494946,13794200
2016-08-18,123.23394012451172,123.58202897713676,122.96540901836674,123.33339299843774,12400800
2016-08-19,122.88583374023438,123.48256611103895,122.60736268066813,122.92561640413916,11688300
2016-08-22,123.47261810302734,124.14890821143632,122.43829160853319,122.65709246533716,14386400
2016-08-23,123.69142150878906,124.4074867079484,123.57207351504546,123.83065704093954,13309500
2016-08-24,122.8062744140625,124.00967152751235,122.41839534294233,123.79087067274563,12243700
2016-08-25,123.21403503417969,123.69141941329917,122.42834449448829,122.44823962032555,10730800
2016-08-26,124.2781982421875,124.50694666567331,123.2339317552324,123.37316728682642,17504800
2016-08-29,125.84957122802734,126.0385369749078,123.67151791488334,123.67151791488334,15925900
2016-08-30,125.15340423583984,125.90925974556473,124.46717408532027,125.90925974556473,17804300
2016-08-31,125.431884765625,125.53133764232608,124.4174456950769,124.91471766635041,14200600
2016-09-01,125.48159790039062,125.93908716875896,124.91470819961164,125.69045120196525,13536100
2016-09-02,125.81974792480469,126.16783676398249,125.3125284232784,126.15788920064381,12118800
2016-09-06,129.02218627929688,129.231047192338,125.77997836761355,125.97888412851088,26278400
2016-09-07,130.33497619628906,131.25989470401927,129.24097187748825,129.33047718297152,27990800
2016-09-08,129.55923461914062,130.36481272839816,129.1017377602041,130.2056820665476,15676600
2016-09-09,126.4065170288086,129.24096537637814,126.4065170288086,129.00228457376235,27100700
2016-09-12,127.98784637451172,128.05745655049822,125.06388512132332,125.27273841258432,21252800
2016-09-13,126.51593017578125,127.64971721657328,125.96893557666561,127.3314558803735,18016200
2016-09-14,127.07286071777344,128.09724722750855,126.1976648865644,126.1976648865644,15691100
2016-09-15,127.64971160888672,128.3956195103593,126.97341388694001,127.28172764589728,15077200
2016-09-16,128.36578369140625,128.47516894783092,127.50052021116679,127.50052021116679,24119200
2016-09-19,127.94805908203125,129.23102913529684,127.56018759103962,129.20119403410783,14958800
2016-09-20,127.93811798095703,128.465224998037,127.33144563622835,127.94805795608767,11083800
2016-09-21,129.2310333251953,129.3006435050483,127.68948728646721,128.42545521590478,14068300
2016-09-22,129.37026977539062,130.01671722739601,128.85310270846514,129.78797638406823,15538300
2016-09-23,127.26183319091797,127.89834825094619,126.60543817979753,126.86401412381318,28326300
2016-09-26,126.61537170410156,127.4607400240393,126.10815981745957,126.67504949317554,15064900
2016-09-27,127.98784637451172,128.30609250501377,126.73471903917853,126.91373722994041,15637100
2016-09-28,128.52490234375,128.7635983399637,127.69942909598834,128.50502239238375,12047600
2016-09-29,127.39112091064453,128.58457052182783,126.85407389704935,128.47517008889648,14532200
2016-09-30,127.57014465332031,127.8883907959498,126.75461140717519,127.331448664697,18402900
2016-10-03,128.0674285888672,128.38567476133537,127.10271974409099,127.6795570556969,13156900
2016-10-04,127.4905776977539,128.57462684479742,126.85407024507806,128.46522641501556,14307500
2016-10-05,127.76905822753906,128.09725954120438,127.1325507276979,127.55025735176218,12386800
2016-10-06,128.03758239746094,128.35582854237168,127.38117980569281,127.72926105245347,11682700
2016-10-07,128.28622436523438,128.54480031854303,127.6298217427558,128.33593942028685,12804400
2016-10-10,129.52938842773438,129.98687007196986,128.49505438979224,128.9724311589396,15138700
2016-10-11,128.17681884765625,129.9272105960171,127.53035622670461,129.5194439671063,17537900
2016-10-12,128.3459014892578,128.95257391384635,127.759124193084,128.30611123242835,11073000
2016-10-13,127.12258911132812,127.5502432518626,126.0584275413145,127.51046817681635,17139300
2016-10-14,127.18225860595703,128.24642017006585,126.88390001816319,127.7889385196687,13345300
2016-10-17,126.84412384033203,127.76904992653611,126.62532297877038,127.50051883724956,11351700
2016-10-18,127.8685073852539,128.68402543379722,127.31155009353675,127.97789263793632,13504000
2016-10-19,129.40008544921875,129.75812179940502,127.89832987857989,128.03756539390048,16752300
2016-10-20,129.29071044921875,129.9471130828588,128.79343848595252,129.3603358083333,13167500
2016-10-21,131.3494415283203,131.40911174394319,128.9923617824501,129.07192712845998,19088800
2016-10-24,132.55279541015625,132.68209095931292,131.42895606880123,131.9958533146106,17470200
2016-10-25,131.5681915283203,132.77159619352653,131.49858135417813,132.77159619352653,13336800
2016-10-26,130.3250274658203,131.53837225170787,130.22558218000697,130.92175988284347,13084700
2016-10-27,128.98239135742188,131.0808794395061,128.56468477112753,131.02120923796898,16741400
2016-10-28,130.57366943359375,132.24451117258536,129.22108904509062,129.78798638482206,24545500
2016-10-31,130.27529907226562,131.3991232576604,130.165898646197,131.28972283159177,15669000
2016-11-01,128.7934112548828,131.22010035062763,127.94804302585386,130.69299339505568,22077800
2016-11-02,126.47613525390625,129.5194369026424,125.59099186472785,129.5194369026424,39640900
2016-11-03,119.34526062011719,122.60736319635762,118.84798870086671,121.33434829711915,63766300
2016-11-04,120.09117126464844,121.26473332461698,118.599355472541,118.93749674329028,30545500
2016-11-07,121.48353576660156,122.53774984530259,120.68789763203289,122.15982590465465,23008900
2016-11-08,123.54224395751953,123.93011546988271,120.87686601310946,121.3641903975049,19460800
2016-11-09,122.5079116821289,123.13447157570336,119.8524814250886,120.83707771149628,31916000
2016-11-10,120.1408920288086,123.50244728395681,114.64105853476013,123.25381133819171,67846700
2016-11-11,118.37061309814453,120.04144717424607,117.50536475065287,118.87783261797033,32840100
2016-11-14,114.45211029052734,118.48000840819462,112.93045938466852,118.48000840819462,51377000
2016-11-15,116.56053924560547,117.84350175632632,115.19801899149878,116.09310999755607,34681400
2016-11-16,115.70523071289062,117.23682919009568,113.58685499188088,113.85538608713574,32397900
2016-11-17,117.1473159790039,117.1473159790039,115.37702921595283,116.17265970917744,18597800
2016-11-18,116.38153076171875,118.4800191225576,116.20251254556008,117.74405871735789,22879300
2016-11-21,121.10560607910156,121.28462428271237,117.15727321172974,117.55508469729358,35415400
2016-11-22,120.80724334716797,122.30900669361672,120.24035365301766,121.73216943633608,26089200
2016-11-23,120.18067932128906,120.64811616089301,119.28559589574786,120.56855841686263,15672100
2016-11-25,119.72318267822266,120.47903810825903,119.41487652118569,120.34975014286839,8658600
2016-11-28,119.75302124023438,121.02603607573552,119.16623645925894,119.46460263097755,18101300
2016-11-29,120.21052551269531,121.43381027670614,119.74308865947717,119.91215930364649,18891000
2016-11-30,117.77388763427734,121.1255033321337,117.30645078399051,119.66352257494482,30188900
2016-12-01,114.47199249267578,117.80371278167549,113.37799580509237,117.73409501758657,43277000
2016-12-02,114.7703628540039,115.84447204286157,113.67636612658256,114.48194422434207,25070400
2016-12-05,116.78927612304688,116.92851164490857,114.44215220056861,115.31734799338021,20201500
2016-12-06,116.66993713378906,117.15726908564686,115.69528840560837,117.04786865463939,19131200
2016-12-07,117.30644226074219,117.30644226074219,115.9339745005345,116.36162865294062,21913700
2016-12-08,118.2612075805664,118.84798478381437,116.99813269814953,117.33628153773398,22442800
2016-12-09,119.0270004272461,119.28558393577947,118.30098012597551,118.5695111969282,17464700
2016-12-12,117.12742614746094,118.58940682439356,117.00808574135537,118.56951928596511,17805500
2016-12-13,119.65357971191406,120.8569769760091,116.96831409289447,117.2169500793877,29768000
2016-12-14,119.55412292480469,121.02605125532256,118.20154259549676,119.34526961351318,25913100
2016-12-15,119.91214752197266,121.83161738924865,118.97727390739009,119.42482317699047,20139600
2016-12-16,119.21598052978516,120.83708436205832,118.6192481170422,120.24035953708321,25324300
2016-12-19,118.58940887451172,119.70330073994717,117.86339609892713,119.19608124192764,15918100
2016-12-20,118.44022369384766,119.11651381672576,118.15181265399984,118.84799031530048,13684400
2016-12-21,118.3905029296875,118.54962600289133,117.83356079182279,118.27115493395897,10767600
2016-12-22,116.75944519042969,118.34076621133275,116.29200838417015,118.21147824720939,16258600
2016-12-23,116.63015747070312,116.91857610643949,115.6654562808137,116.36163396171692,10890000
2016-12-27,117.36611938476562,118.03246192913093,116.22239246386314,116.32184532920961,12051500
2016-12-28,116.28206634521484,117.60481150070558,116.01354284150534,117.54514129716291,12087400
2016-12-29,115.71517181396484,116.88873382380292,115.42675319594555,116.36162681381727,9934900
2016-12-30,114.42227172851562,116.19255854814749,114.14379307983101,115.96381012652697,18684100
2017-01-03,116.22239685058594,117.1970455906428,114.87976414831391,115.39692362029567,20663900
2017-01-04,118.04241943359375,119.00712824301401,116.6500564381759,116.90863998006856,19630900
2017-01-05,120.01160430908203,120.29007537246065,117.67442778399158,118.2114823724078,19492200
2017-01-06,122.73664855957031,123.20407775112623,119.37508580840769,120.31990692918674,28545300
2017-01-09,124.2185287475586,124.74563577556466,122.36867657410158,122.87589606366687,22880400
2017-01-10,123.67152404785156,124.81525097272481,123.60190628309061,124.13896086314676,17324600
2017-01-11,125.40204620361328,125.43188889659774,123.38312314779456,123.67154181116415,18356500
2017-01-12,125.92914581298828,126.0385462441998,124.11907629808061,124.92465439357682,18653900
2017-01-13,127.6397705078125,128.56470429872888,126.6750692227765,126.79440964397729,24884300
2017-01-17,127.17232513427734,127.63975437116709,126.70488830962019,127.3413881803488,15294500
2017-01-18,127.2220458984375,127.72925779247569,126.1479367326496,127.70937784210649,13145900
2017-01-19,126.85407257080078,127.64971069511637,126.75461211443572,127.53035511237128,12195500
2017-01-20,126.34685516357422,127.77899318812067,126.08827163073582,127.4010768338688,19097200
2017-01-23,128.22653198242188,128.54479330038168,126.25733939803388,126.61537579297124,16593600
2017-01-24,128.66412353515625,129.1912305227631,127.6795349085675,128.6740786852648,15162700
2017-01-25,130.7626190185547,131.02121012768418,129.0619575610602,129.29069839368395,18731300
2017-01-26,132.05552673339844,132.41356311433967,130.72284166149163,130.91180741470149,20020100
2017-01-27,131.45880126953125,132.22460429751612,130.36481211937368,131.9560732038397,19539500
2017-01-30,130.26535034179688,130.862082727132,128.892890136382,130.862082727132,18956100
2017-01-31,129.6089630126953,129.94710428268837,128.8133248902437,129.45977232849722,19790500
2017-02-01,132.5030517578125,132.76164282992062,129.9669623096027,131.52840318937677,50139800
2017-02-02,130.1261444091797,134.7507835086833,129.68854258379474,132.4931641871046,54366400
2017-02-03,130.26535034179688,132.12515767662154,130.04654947887633,130.5239414573584,24804900
2017-02-06,131.3394317626953,131.3394317626953,129.58904040492828,130.2653228014979,17058500
2017-02-07,131.1206512451172,132.2743256978431,130.94164064497048,131.51847787133343,14596400
2017-02-08,133.46778869628906,133.70648469611032,131.7173968908734,131.87652755742093,22390600
2017-02-09,133.40811157226562,133.76614796566352,132.58263835483342,133.75620799034562,16470600
2017-02-10,133.4578399658203,134.2037478438537,132.95061289641544,133.3683346625846,15061900
2017-02-13,133.318603515625,133.96505093524584,132.97050710473098,133.96505093524584,13526200
2017-02-14,133.11968994140625,133.49760625537215,131.82678000280643,133.36832588438568,14364900
2017-02-15,132.71194458007812,132.9705205389439,131.9362015279448,132.7218845561951,13226500
2017-02-16,133.10975646972656,133.1395915737004,132.29423833521543,132.34396856701716,12831100
2017-02-17,132.8014373779297,133.35837949872084,132.44340098948757,132.77160227685405,12276500
2017-02-21,132.99041748046875,133.17938325802075,132.174884161673,132.77161659862287,14759100
2017-02-22,135.3773193359375,136.04366196982986,132.7318439287707,132.87107947651631,27360100
2017-02-23,134.6214599609375,135.3773078451811,133.5970809804285,135.14856700234367,18422500
2017-02-24,134.7010040283203,134.88001461388174,133.42798927921837,133.42798927921837,12625700
2017-02-27,135.6657257080078,136.4315135206505,134.28331040951218,134.5219912132307,14306700
2017-02-28,134.8004608154297,136.06353569845623,134.0147778857649,136.0436405731826,16112100
2017-03-01,136.6702117919922,136.72988199392256,135.55632755453334,135.72539818518086,16257000
2017-03-02,136.01382446289062,137.0680537921022,135.56628272272192,136.342025785824,12294800
2017-03-03,136.4215850830078,136.5807157493009,135.33753587301536,135.88453805368812,11160600
2017-03-06,136.6702117919922,137.07797840589572,135.7651732612896,136.1331647990844,12748200
2017-03-07,136.5508575439453,137.6150114467283,136.242551414873,136.2823264869491,13527100
2017-03-08,136.96856689453125,137.23709795702456,136.30222440100096,136.40166967099353,10184500
2017-03-09,137.48573303222656,137.81393428976176,136.65030475144002,136.96856603469837,15535300
2017-03-10,138.03273010253906,138.7289229169765,137.4658480164088,138.15208568030414,16314100
2017-03-13,138.83831787109375,138.91786801908873,137.9133842636642,137.95317451319545,10955500
2017-03-14,138.5598602294922,138.69909576525237,137.76422209277598,138.69909576525237,12944000
2017-03-15,138.95767211914062,139.33560364968878,137.73438739596534,138.53001035948844,19344800
2017-03-16,139.2261962890625,139.48477222178926,138.96760518080123,139.43504199515942,13612900
2017-03-17,139.07701110839844,139.5742830432902,138.93777557365016,139.5742830432902,20592800
2017-03-20,139.1764678955078,139.42510385639716,138.49023021536766,138.94772706063932,12099500
2017-03-21,137.75428771972656,141.53355805752048,137.64488726973258,140.3798833440451,29894800
2017-03-22,138.82838439941406,139.02729015152877,136.84925167889904,137.1774378233434,17055400
2017-03-23,138.76870727539062,139.62401562483956,138.33110553722577,138.71897704595636,13022800
2017-03-24,139.5742645263672,140.25056215937576,138.9974273373559,139.31568861772064,16664700
2017-03-27,139.55438232421875,139.88256839793675,138.01283652035545,138.29130754841083,12800500
2017-03-28,140.98654174804688,141.1755075224231,139.24608987431895,139.59418631927895,14679400
2017-03-29,141.87167358398438,142.0805344689125,140.6583288776309,141.21528617892764,16527600
2017-03-30,141.63299560546875,142.17004261589713,141.07605346856965,141.62304045446587,12404000
2017-03-31,141.2749481201172,141.85178533821966,141.1158174719095,141.53352404180427,11478300
2017-04-03,141.5037078857422,141.6926736588445,140.05168225917805,141.15561144312886,13564000
2017-04-04,140.95668029785156,141.31471665197597,140.49919867485175,141.08597584047607,12948600
2017-04-05,141.0760498046875,142.65737086850075,140.51909250671807,141.48380124576923,17158100
2017-04-06,140.39976501464844,141.444039178023,140.1411890556038,141.3346387385164,15103400
2017-04-07,140.01190185546875,140.77770497777954,139.4748547775016,140.42960851067363,11818300
2017-04-10,140.2704620361328,140.6583335419745,139.86271057909377,140.23068695820288,9039400
2017-04-11,139.15655517578125,140.26049930957856,138.05261104198394,140.03175850363002,16638100
2017-04-12,138.8184356689453,139.63395375384744,138.679200133692,138.95767120419862,11612500
2017-04-13,138.6294708251953,139.81298047047258,138.56980062048137,138.85821166844383,10965600
2017-04-17,140.64837646484375,140.7776720095816,138.98749020969885,138.9974301840889,11519700
2017-04-18,140.19091796875,141.1357316598555,139.84282152572044,140.49922415658628,14807500
2017-04-19,141.4937744140625,142.25956234215693,140.49923044720433,140.57879578561736,15563900
2017-04-20,143.01541137695312,143.4629530828324,141.91146707549885,142.17004301820938,15968200
2017-04-21,142.8960418701172,143.38337378156683,141.49374668506738,143.1148427139898,12382000
2017-04-24,144.67630004882812,144.87520579056135,143.5524606035092,144.16908813107813,14407200
2017-04-25,145.6907196044922,146.34710694700507,144.99452683809167,144.99452683809167,17767500
2017-04-26,145.76034545898438,146.78472441909335,145.29290863149367,146.28745248989347,12395000
2017-04-27,146.89413452148438,146.9438647527854,145.34264842832246,145.86975549393424,11275100
2017-04-28,149.43020629882812,150.7032211517571,148.25665189634495,148.6842984470869,30652200
2017-05-01,151.62815856933594,151.7375589973473,150.59382449076782,150.91208579972246,25218300
2017-05-02,151.9464111328125,152.6028137286582,150.8325268554029,152.50335327151728,21870400
2017-05-03,150.9717559814453,152.76193790524397,150.5142591437667,152.76193790524397,29782500
2017-05-04,150.02696228027344,150.69330491171647,147.90857879150366,149.35066449689742,36225500
2017-05-05,149.4202880859375,150.80270356548164,148.97273116928218,150.62367776371227,17148500
2017-05-08,150.2357940673828,150.25568919386555,148.923004054689,149.88771281937792,15827500
2017-05-09,149.65895080566406,151.7574388872047,149.39043489881655,150.66344978306034,17453900
2017-05-10,149.46998596191406,149.69874196985464,148.04779556519398,149.41031576002854,12080700
2017-05-11,149.2213592529297,149.82803163559362,148.5948069187614,149.48989035359352,11841900
2017-05-12,149.50979614257812,149.63909171425436,148.81361840189177,149.57940632887846,9598200
2017-05-15,149.37054443359375,150.65349933294206,148.9528378343749,149.35064930728763,15064700
2017-05-16,148.96278381347656,149.3904455808522,148.21687589005126,149.29098512084795,14550800
2017-05-17,144.05967712402344,147.85882659156894,143.63201539392523,147.19248405912214,28300100
2017-05-18,146.85435485839844,147.34167165354572,143.7215324906415,143.9303933853728,23031600
2017-05-19,147.25216674804688,148.57491195020162,147.1527214638125,147.64003826029258,16187900
2017-05-22,147.43118286132812,147.77926409659935,146.88418071957676,147.2720522063578,12586700
2017-05-23,147.26210021972656,147.99805288175043,146.44656706117408,147.70964187173385,12817800
2017-05-24,149.2213592529297,149.4103250209696,147.6102030000177,147.6997083083938,17862400
2017-05-25,151.13088989257812,151.7574421977582,149.1318470447868,149.47994346196947,19891400
2017-05-26,151.29995727539062,151.41929767847355,150.3252933984317,151.39940255278157,14996200
2017-05-30,151.54859924316406,152.065751127392,150.8126313187142,151.1408326157445,13226000
2017-05-31,150.6336212158203,152.51330852295396,150.2656296645848,151.86684590218275,18023900
2017-06-01,150.70323181152344,151.45907969155937,149.47994709729014,150.92203267755346,14530600
2017-06-02,152.77188110351562,152.79177622962604,150.47448724264277,151.0214893941684,16854400
2017-06-05,152.79176330566406,153.86587239175088,152.57296246356117,152.8017032801111,12520400
2017-06-06,151.9762420654297,153.67691871245694,151.64804077651092,152.57297444083375,13457100
2017-06-07,152.28456115722656,152.91112868704255,151.508818108662,152.43375185151112,12066700
2017-06-08,153.8658905029297,153.88577045416378,152.26467424753798,153.23932300174394,17799400
2017-06-09,148.7837677001953,154.74107571621914,145.8100760921254,153.9255576413437,35577700
2017-06-12,147.6300811767578,148.3859289865985,143.77124645299844,147.36155010692565,33170200
2017-06-13,149.85784912109375,150.3551210098824,148.08756241104882,149.33074213302046,20483400
2017-06-14,149.43020629882812,151.56846940360603,148.23675677114895,150.4346900759807,20808800
2017-06-15,148.98265075683594,149.2213315348369,145.57135794108945,146.8642677988812,18994200
2017-06-16,149.81809997558594,150.0070657541145,147.78923699543665,148.77382579329506,22882400
2017-06-19,152.03591918945312,152.7321120509643,150.882259813637,150.882259813637,19026500
2017-06-20,151.41929626464844,153.00061729287023,151.37952118917033,152.04586372605246,14743900
2017-06-21,153.0702362060547,153.2393068269104,151.05131355482047,151.5286903181503,15039800
2017-06-22,152.56301879882812,153.70675331874733,152.0757020301675,152.17514730872483,13005500
2017-06-23,154.2239227294922,154.35320311115305,151.81711324825636,151.88673860229557,18027000
2017-06-26,152.75198364257812,155.6461098382483,152.36411215479492,155.39747388004022,18049700
2017-06-27,149.7584228515625,152.47352345971933,149.56945708175945,152.00608661090203,19360800
2017-06-28,152.40390014648438,152.63264097549424,149.04233718518728,150.0965512042715,16719100
2017-06-29,150.21591186523438,151.66795271270348,148.10748354271138,151.4491518291734,23973500
2017-06-30,150.15625,151.09112379511603,149.24127133418395,151.07122866581602,17666000
2017-07-03,147.62013244628906,151.31983668396336,146.99358015681165,150.89219012409043,13862700
2017-07-05,149.5197296142578,150.0269567268985,147.3217960446012,148.18704440070226,14334300
2017-07-06,148.00804138183594,149.22137106769497,147.1925080395215,148.21688711791577,14951800
2017-07-07,150.61373901367188,151.16074122417584,148.37601511432183,148.435685323552,13615900
2017-07-10,152.6624755859375,153.1398523679361,150.6833279311099,150.8623537090683,13378700
2017-07-11,154.42283630371094,154.57201181917443,152.07571208202626,152.53319377980472,13667700
2017-07-12,158.03302001953125,158.2916111464954,155.3477545181858,155.63618074817882,22739400
2017-07-13,158.39105224609375,158.90821931082084,157.55563903228975,157.87390035690188,13929200
2017-07-14,159.09716796875,159.4452643581742,158.4606605635002,159.25629861394583,16371200
2017-07-17,158.85848999023438,159.90276410122794,157.94351144004565,159.37565705791854,12858800
2017-07-18,161.97142028808594,162.83666862559332,158.55018684131633,158.7888828406964,23722900
2017-07-19,163.24444580078125,164.79593195802605,162.27973694073145,162.6974435849484,26273600
2017-07-20,163.63229370117188,164.09973051121628,161.92167711452737,163.90082478206713,18523100
2017-07-21,163.53285217285156,164.14947973276475,162.8565695803782,163.26433623641805,14744000
2017-07-24,165.0942840576172,165.26335469613002,163.41350247255943,163.74170377397917,17367000
2017-07-25,164.3782196044922,164.6367955632064,162.96596904437115,164.1096884941308,15383200
2017-07-26,164.70640563964844,165.10421710468637,163.20464990726535,165.10421710468637,35236900
2017-07-27,169.51007080078125,174.53252071034348,166.58610920222068,173.7468225029701,68910700
2017-07-28,171.50909423828125,172.4837430208965,168.12765101461602,168.14754614196534,24557600
2017-07-31,168.3265380859375,171.7776062846668,167.63036046130927,171.0615335348966,25478900
2017-08-01,168.93319702148438,169.53986929819143,168.1276190357246,168.89342194988697,14385000
2017-08-02,168.3762969970703,169.6194769583961,165.9993375180369,169.37084096613094,17433800
2017-08-03,167.67015075683594,168.77409508165113,167.332009476397,168.37628359590357,10793800
2017-08-04,168.69451904296875,169.13212075483932,167.76960056831598,168.0480716257728,10777700
2017-08-07,171.04165649414062,171.12122182758694,168.73432252634,169.0227335814892,12787800
2017-08-08,170.29576110839844,172.10583843266505,169.68908867478055,170.94222379943798,14393500
2017-08-09,170.2460174560547,170.51454855810735,168.63486119480987,169.05256781159426,10815000
2017-08-10,166.48663330078125,169.6592305890429,165.93964632738556,169.1321235661285,20832700
2017-08-11,167.16293334960938,167.8989012671756,165.93964865432727,167.03363779199418,13791200
2017-08-14,169.81837463378906,170.14657594902116,168.3663338308412,169.16197200332485,12954200
2017-08-15,170.06698608398438,170.56425797311883,169.082382280306,170.5543179985283,8729200
2017-08-16,169.07244873046875,170.4449240528047,168.3166008934543,170.31562850054573,15779900
2017-08-17,165.99932861328125,168.93323012951853,165.93965840642437,168.41606304419932,17216000
2017-08-18,166.49656677246094,167.7496863886803,165.30311735098545,165.92966957132876,15093600
2017-08-21,166.86456298828125,167.08336384545495,164.91526557505028,166.24795066835597,11907500
2017-08-22,168.7144317626953,168.9431726175598,166.2380119125618,167.3618514101963,11391000
2017-08-23,167.78948974609375,168.43593714037402,167.28226270007224,167.91877011962944,9856500
2017-08-24,166.82479858398438,168.3663294824091,165.50205338119451,167.95857801844204,14030400
2017-08-25,165.4125518798828,167.46130992478282,165.27330116271887,166.9441428377917,12614500
2017-08-28,166.32749938964844,166.78498100858369,165.42246095038422,165.99929813665594,8553700
2017-08-29,167.1331024169922,167.51101877281482,164.09974054157124,164.34837651208878,11121000
2017-08-30,168.99290466308594,169.25148062459792,166.71540571503525,167.25245276603283,11138300
2017-08-31,171.03172302246094,171.21073364787102,169.13214044997184,169.47028174832613,17226500
2017-09-01,171.0814208984375,171.97650420727518,170.375288155507,171.45933720578526,11677600
2017-09-05,169.7885284423828,171.44941486213006,168.62491395102222,170.3355305987151,13210900
2017-09-06,171.1510467529297,171.53891824570533,168.64480718831845,169.9774922993389,13906300
2017-09-07,172.26495361328125,172.36439889681517,169.3409921528535,171.00187862567066,18049500
2017-09-08,170.01727294921875,172.54342289823617,169.86809743769757,172.1455962416209,10998500
2017-09-11,172.5633087158203,172.94124025856905,171.26045861912644,171.4593643664284,12372000
2017-09-12,172.01629638671875,173.050615225776,170.81289175302888,172.81191925882422,11186300
2017-09-13,172.10580444335938,172.2251448409822,171.12120063636965,172.06601419379592,9119300
2017-09-14,170.0272216796875,171.3400116581055,169.56972483573998,171.32011653214224,15615700
2017-09-15,170.70352172851562,171.39969945334124,169.33104623133352,169.94767379521014,15660500
2017-09-18,169.0823974609375,171.13117057556366,168.4160548907355,171.05160524509452,12954000
2017-09-19,171.57872009277344,171.6184951720514,169.4305015989046,169.68907755305082,13168600
2017-09-20,171.23062133789062,172.10582482553022,169.76864059173613,171.55882264575547,12264100
2017-09-21,170.1763916015625,171.33006606102265,169.08238734249957,170.75322883129257,11161400
2017-09-22,169.6094970703125,170.79300664897607,168.29670711389036,169.2813109628578,12097100
2017-09-25,161.98135375976562,168.37627867628157,160.67850373014338,168.31660847271644,41251600
2017-09-26,163.31405639648438,164.5970113180421,161.8918507639082,163.6024674430086,23363300
2017-09-27,166.76512145996094,167.42152410597313,164.66664830393913,164.99483445140896,19242500
2017-09-28,167.80938720703125,168.1475436648447,166.24796118266812,167.0237042069695,12178700
2017-09-29,169.93771362304688,170.72341181291702,167.8889555895701,167.9088507169877,15340400
2017-10-02,168.5453643798828,170.93226378909245,167.82929152201265,170.4548869423578,13392300
2017-10-03,169.0326690673828,169.79845685858146,168.27680607534876,168.3762665244692,8190300
2017-10-04,167.50108337402344,169.7388071698253,167.37178780965013,168.90339392818782,12127900
2017-10-05,170.30569458007812,170.3753047583993,167.68009941935495,168.25692149870696,14580600
2017-10-06,171.290283203125,171.42951873523916,168.8238187018733,169.32109062735745,13124500
2017-10-09,171.55880737304688,173.92582649906043,171.06153546761774,171.7577131001117,14570400
2017-10-10,170.6537628173828,172.25497890316055,169.8680799118738,172.05607318314227,11341100
2017-10-11,171.79750061035156,171.83727568491636,170.4648003916546,171.01180251400774,11283700
2017-10-12,171.60855102539062,172.90146111577076,171.34995990199334,171.66822123062525,10351000
2017-10-13,172.79205322265625,173.69707658887637,172.25499104765535,172.5036270090912,13658300
2017-10-16,173.5677947998047,174.04517159273794,173.11029795723996,173.5379596987173,11498800
2017-10-17,175.1491241455078,175.16901927235216,173.40867234724337,173.75676877711038,15990100
2017-10-18,175.06954956054688,175.77568235861352,174.7910785015857,175.68616188031314,12752400
2017-10-19,173.6075897216797,175.06957054422486,171.68812717980833,173.97556612751202,14048400
2017-10-20,174.02528381347656,174.92038241049028,173.6772025609173,174.54245088004882,12602200
2017-10-23,170.33551025390625,174.38329537622954,170.31561512999727,174.24405985993292,13852700
2017-10-24,170.86265563964844,172.2948013724522,170.56428941605822,171.35992762045328,12267900
2017-10-25,169.66917419433594,171.31016535392786,167.96849766075732,170.96206896224052,15868200
2017-10-26,169.69903564453125,171.34996703504507,169.46033963812076,170.44494359208602,11833100
2017-10-27,176.9094696044922,177.23767090479492,172.95117404971512,173.1998100188352,30285300
2017-10-30,178.88861083984375,179.7041441421737,176.64094703371444,178.2819384388902,24353200
2017-10-31,179.07757568359375,179.81354364707903,177.96369135013356,179.58480279478687,20174200
2017-11-01,181.66339111328125,181.9020719352267,179.58479801931696,181.36502491031393,40918300
2017-11-02,177.94378662109375,180.9473133445076,176.37240549230202,179.64446330859127,35529900
2017-11-03,177.94378662109375,178.87866028289068,175.74585317630616,178.31176299521317,17822100
2017-11-06,179.1869354248047,179.4654064449234,177.33708354799754,177.58571947135584,13312700
2017-11-07,179.2665252685547,179.76379718330796,177.98357040572643,179.51516122593134,12928200
2017-11-08,178.58029174804688,179.3659898899148,178.13275004947562,178.8090325849993,10494100
2017-11-09,178.32171630859375,178.42116158881296,176.1237677109211,177.3371124285537,12610300
2017-11-10,177.48631286621094,178.1228203616267,176.98904091118186,177.37691242908312,11070200
2017-11-13,177.79461669921875,178.06313262499808,176.33263595672258,176.53154170099688,9523400
2017-11-14,177.09844970703125,177.99353319811559,176.21329101678734,177.15811991636534,9585900
2017-11-15,176.97906494140625,177.5956924124717,175.4375190270435,175.696110125583,10253700
2017-11-16,178.61013793945312,178.84883394209464,177.52608871491918,177.7846646694623,15607600
2017-11-17,178.02333068847656,178.99797931125298,177.92387024357694,178.3216968476421,13018000
2017-11-20,177.76475524902344,178.52060303545233,177.12824785636406,177.89403561709597,10052400
2017-11-21,180.86773681640625,180.89757191648582,178.01340095487708,178.17251643012344,14504000
2017-11-22,179.88314819335938,180.73845654418903,179.45550160571224,180.3108099565419,10376300
2017-11-24,181.78273010253906,182.1507064838507,179.30631036547453,179.41571079985576,9426300
2017-11-27,182.03138732910156,182.72756509484756,180.99706824506995,181.56395043448558,12344500
2017-11-28,181.4246826171875,183.2446996368154,181.0964813340873,182.50873174360268,14379700
2017-11-29,174.17446899414062,180.97714527380586,173.05062958948605,180.89757994488446,41933500
2017-11-30,176.21327209472656,177.3072764001639,174.2440795204742,175.88508597863017,25307600
2017-12-01,174.14462280273438,176.51162669138623,171.3996722441234,175.06954123841672,20182500
2017-12-04,170.534423828125,175.6066031958939,169.85812616384004,175.32811697492917,24459400
2017-12-05,171.88702392578125,174.4231139039366,168.087858946448,169.52000458943152,20184900
2017-12-06,175.09939575195312,175.80552859474497,170.96208950600226,171.55882191330622,20255800
2017-12-07,179.15711975097656,179.4057557012902,174.8408032956599,174.8408032956599,20404500
2017-12-08,178.02333068847656,181.28543296414452,177.76475477748414,180.5395251539973,19883800
2017-12-11,178.06312561035156,179.23669525374854,177.82444479683926,178.32171672570314,13168600
2017-12-12,175.99449157714844,178.20236502794017,175.6364551735404,177.625542932355,16854100
2017-12-13,177.3271942138672,178.18250264149287,176.2829200024407,176.33265023642042,14615700
2017-12-14,177.41668701171875,179.3759397230928,176.71055416031797,177.31722655077698,13591000
2017-12-15,179.19692993164062,179.50525131788032,177.38686775003202,178.04327042958178,28463100
2017-12-18,179.83343505859375,180.31081188085005,178.76926580266021,180.02238565190885,17265400
2017-12-19,178.53057861328125,179.09747594780657,177.24762359780567,178.96818037841595,14920600
2017-12-20,176.91940307617188,178.8289254277522,176.39229605505756,178.8289254277522,11860500
2017-12-21,176.48178100585938,177.70506553873545,176.08396958598303,176.9691128944109,11600700
2017-12-22,176.23318481445312,176.56138613884906,175.26847596940527,176.17351460556955,8509500
2017-12-26,175.02978515625,176.03426902478054,173.7169799335031,175.66629264061763,8897300
2017-12-27,176.65087890625,177.46641217116894,175.2982986239843,175.5867248471523,9496100
2017-12-28,176.94924926757812,177.96368829702493,176.71055326784486,176.97908437060283,12220800
2017-12-29,175.49722290039062,177.87418220934643,175.49722290039062,177.02881382591855,10261500
2018-01-02,180.43014526367188,180.5892759234034,176.58126538156765,176.71054576400638,18151900
2018-01-03,183.6623992919922,183.77179971556436,180.3406266861233,180.8876288039841,16886600
2018-01-04,183.3242645263672,185.19401176785783,183.09552369646175,183.89114661361708,13880900
2018-01-05,185.8305206298828,185.8802356809349,183.92098312259165,184.57738569225208,13574500
2018-01-08,187.25271606445312,187.86932839923514,185.31335857962668,186.1786068785027,17994700
2018-01-09,186.84495544433594,187.769889151761,186.07916757670753,187.67042869271387,12393100
2018-01-10,186.8151092529297,186.86483947950143,184.6171758884837,185.92002587677663,10529900
2018-01-11,186.74551391601562,187.37206625889837,186.3576423987889,187.37206625889837,9588600
2018-01-12,178.39132690429688,180.48981505112198,176.43207429053217,177.08847687876028,77551300
2018-01-16,177.41668701171875,180.7583551471833,177.06859057395832,180.5097191703646,36183800
2018-01-17,176.63099670410156,178.34161336797706,174.84081470986732,178.2819279885567,27992400
2018-01-18,178.81900024414062,179.9925547880628,176.11383956175197,177.1581137151544,23304900
2018-01-19,180.30084228515625,181.37495143083498,179.18695806394913,179.86325575220656,26826500
2018-01-22,184.3585968017578,184.37849192879068,179.42566758509125,179.81353909678697,21059500
2018-01-23,188.31689453125,188.51580027719493,184.53762465615375,185.0348966087839,25678800
2018-01-24,185.5321502685547,189.6197259231744,185.50231516838136,188.85392294247964,24334500
2018-01-25,186.4570770263672,187.59085641003327,185.58188875642827,186.9245138506057,17377700
2018-01-26,188.9633331298828,188.9633331298828,185.79073579293234,186.72560944808157,17759200
2018-01-29,184.9652557373047,187.80965167479846,184.61717450498008,187.7201463729608,20453200
2018-01-30,186.09902954101562,187.1532435326663,180.84783953222197,186.59630143711757,20858600
2018-01-31,185.87030029296875,188.79426165222225,184.20941387762122,187.34222094794433,43275100
2018-02-01,192.03646850585938,194.25431221949398,186.8648435168867,187.19304480870977,54211300
2018-02-02,189.24180603027344,193.1503713236442,188.94343983470134,190.99219777514259,26677500
2018-02-05,180.27102661132812,189.5700183921062,179.62457912947124,185.91008885217784,33128200
2018-02-06,184.2989044189453,184.7564012324363,176.77021593748512,177.59568909135925,37758500
2018-02-07,179.19692993164062,184.0702046178148,178.96818906168977,183.14527081016973,27601900
2018-02-08,170.6438446044922,180.84785958049957,170.5443841440323,180.02238632039666,38478300
2018-02-09,175.1491241455078,175.93480713720305,166.26783936365715,173.80648383091824,39887600
2018-02-12,175.4474639892578,176.58124324049695,170.90239183460693,176.09391134700013,32092100
2018-02-13,172.20526123046875,175.00988216640278,172.15554617849097,174.66178574934946,21809400
2018-02-14,178.54051208496094,178.8289231175764,172.26494296422754,172.50362377038257,28929700
2018-02-15,178.97813415527344,179.51518120574445,175.87514674249095,179.51518120574445,20922100
2018-02-16,176.39230346679688,178.89855829785157,175.33808938027178,178.01341485015263,20645300
2018-02-20,175.04965209960938,176.97906953634117,174.15456873282224,174.8109712954178,21204900
2018-02-21,176.93930053710938,180.28096849035714,175.43752960667126,175.74585094856405,23200800
2018-02-22,178.01341247558594,179.22675720912773,176.44203134238373,177.72498625543818,18464200
2018-02-23,182.28993225097656,182.38939270436907,178.53055778086502,178.91842926824052,19007300
2018-02-26,183.92098999023438,184.64701793933298,182.2203284764247,183.5729087421997,17599700
2018-02-27,180.46995544433594,183.69226819427288,180.46995544433594,183.443632201813,15849800
2018-02-28,177.34707641601562,181.8821941945294,177.168050621845,181.30535690859062,18783000
2018-03-01,174.9800567626953,179.1372429939473,173.45840580479344,178.03329865433852,23201600
2018-03-02,175.6563262939453,176.14365823354785,172.0461425125562,172.34449352095112,20025900
2018-03-05,179.4156951904297,180.16160303935143,174.93030812210586,175.23861427157473,16189300
2018-03-06,178.79910278320312,181.3849230173558,178.13276018509868,180.78819060161726,15086800
2018-03-07,182.70765686035156,182.81705729057333,177.098430168735,177.76477272534592,19097300
2018-03-08,181.3451385498047,183.39389664006586,180.459995049385,182.55848337180063,17225900
2018-03-09,184.2193603515625,184.497831426502,182.21039262171823,182.906570309067,18526300
2018-03-12,183.75192260742188,185.08462294584402,183.21487558711397,184.21935944710438,15301200
2018-03-13,180.88763427734375,184.97520997190097,180.12183128916675,184.5972784653009,18067500
2018-03-14,183.18502807617188,183.2446982771047,180.85779918658545,181.60370704931452,16821700
2018-03-15,182.85684204101562,182.996077579979,181.1959555492616,182.24022967925447,15614300
2018-03-16,184.0801239013672,184.31881989678985,182.40929746001459,183.48340667611356,24403400
2018-03-19,171.61849975585938,176.2033479235437,169.1321399073437,176.04421725111,88140100
2018-03-20,167.23252868652344,169.27134644807268,161.06636035385276,166.55624620786205,129851800
2018-03-21,168.4657745361328,172.45388973132677,162.40900640530032,163.9008221129261,106598800
2018-03-22,163.99034118652344,169.3409921634375,162.82672665790943,165.2235810715974,73743000
2018-03-23,158.52035522460938,165.69102358417192,158.15237882939934,164.53734899176604,53609700
2018-03-26,159.18670654296875,160.22104077743012,148.20694771326725,159.9425696778913,126116600
2018-03-27,151.3894500732422,161.96145493843457,149.92746955409493,155.4571303480379,79117000
2018-03-28,152.195068359375,155.0295248529333,149.97723947026023,150.82259277189996,60029200
2018-03-29,158.91815185546875,160.53926315389717,153.29898528841002,154.30346909311942,59434300
2018-04-02,154.5421600341797,158.33136947328632,153.2691451878534,156.94895420225072,36796000
2018-04-03,155.25827026367188,156.53128541732158,149.9871838310866,155.69587206815228,42543900
2018-04-04,154.2537384033203,154.71122002025865,149.6887711548349,151.20048187172316,49885600
2018-04-05,158.47059631347656,160.6884397859945,155.79527121763314,160.67848463622664,41449600
2018-04-06,156.34228515625,160.53926128229992,155.954413674247,156.86939216575317,41644800
2018-04-09,157.06832885742188,159.6541493642123,155.1886412778558,156.95894358439028,34915200
2018-04-10,164.13949584960938,165.0743694142388,156.15331065253622,157.06828909277064,57889300
2018-04-11,165.4125518798828,167.72982585650678,162.3592947645255,164.45778304047892,56144600
2018-04-12,162.9759063720703,166.53637540615168,162.21011848448316,166.06893855241105,38263000
2018-04-13,163.6223602294922,164.79591470099032,162.87645233388523,163.68203043305513,19990600
2018-04-16,163.93067932128906,164.87549302843271,162.49853362073875,164.8158228201658,18119400
2018-04-17,167.73976135253906,168.0779026032221,164.75612994538128,164.92520057072278,22743000
2018-04-18,165.45233154296875,167.20272342557556,164.8655542566759,165.96949864428706,20969600
2018-04-19,167.18283081054688,167.41157165176156,164.29864447889048,165.2931883500406,22235000
2018-04-20,165.37277221679688,167.5110357092253,164.9053353309203,166.87452816736695,19119400
2018-04-23,164.9351348876953,167.5308947299002,164.18922706149314,166.35734036759825,23088100
2018-04-24,158.81871032714844,165.19374006754842,157.3268945475217,164.52738233151112,35079900
2018-04-25,158.81871032714844,160.18123054970303,155.33780684135272,159.2662520259295,41083600
2018-04-26,173.2097625732422,175.30825072817728,169.868094591344,172.27488891528034,77556900
2018-04-27,172.6428680419922,176.13372676413522,171.65827931567307,175.84530054137903,29804700
2018-04-30,171.0615692138672,174.76127413416356,170.77315812905692,172.8417963092635,20750500
2018-05-01,172.91140747070312,173.0705381408899,169.30120816546244,171.06155516250575,26025900
2018-05-02,175.10934448242188,177.1083721751804,173.24953714732248,173.2992673753636,30424500
2018-05-03,173.07052612304688,175.1590591159628,171.18088369074968,174.1744704105649,24026100
2018-05-04,175.6464080810547,176.01438448735624,172.11577401410992,172.1356691423127,17677800
2018-05-07,176.99896240234375,178.52061321177746,176.20332432228193,176.38235009867455,18697200
2018-05-08,177.94378662109375,178.06312702880058,176.14366465235227,177.27744405217223,15577200
2018-05-09,181.66339111328125,182.01147237046354,177.8045559527845,178.68969941041505,23282800
2018-05-10,184.5177459716797,185.11447843822626,181.50427888424719,182.15072641005847,21071400
2018-05-11,185.96975708007812,187.29250220105382,183.175076157628,183.8414338812268,21207800
2018-05-14,185.6216583251953,186.83500300203974,185.18405661544364,186.68582749895822,15646700
2018-05-15,183.31434631347656,184.27903997382757,182.20044678126078,183.87128849181636,15429400
2018-05-16,182.200439453125,183.31433894053953,181.6633924243364,182.69771140314745,16975500
2018-05-17,182.7573699951172,183.0557361812771,181.22577916361388,181.68326083026236,14840700
2018-05-18,181.6832733154297,183.1850443246059,181.61366313334509,182.48886662608166,13130500
2018-05-21,183.48341369628906,184.2889918453013,182.13083335488088,182.7673408581591,13532900
2018-05-22,182.79718017578125,184.40833651094746,182.4291885966666,183.921004514572,12731400
2018-05-23,185.8802490234375,185.8902041747901,181.18600059675668,181.5042619293282,16628100
2018-05-24,184.91555786132812,185.7808214570697,184.0204743352915,184.865842801966,12354700
2018-05-25,183.91104125976562,185.3133516872279,183.44360445061153,185.00504553130378,10965100
2018-05-29,184.72659301757812,185.790747119856,182.7076700756212,183.3342224253602,16398900
2018-05-30,186.6460418701172,186.97424316055893,184.23924758241247,185.5222024672895,13736900
2018-05-31,190.73362731933594,191.6685010104385,186.45708552787505,186.84495704061595,30782600
2018-06-01,192.93157958984375,193.4885217543191,191.02205709355576,192.0166010088434,17307200
2018-06-04,192.2254638671875,192.92164163483702,190.4253416481448,190.79331807343013,18939800
2018-06-05,191.88729858398438,193.936056548151,191.56903725821252,193.23987886744416,15544300
2018-06-06,190.29603576660156,191.4795454952852,188.07820700706841,189.9877295701619,22558900
2018-06-07,187.15325927734375,189.92804518932647,185.75096394577093,189.7092443225918,21503200
2018-06-08,188.06826782226562,188.44618420552266,185.41282210989843,186.50682652980763,12677100
2018-06-11,190.4949188232422,191.54914803216403,187.76987843706019,187.77981841218352,12928900
2018-06-12,191.35025024414062,192.22545377784152,190.51483696680958,191.12150938439112,11562700
2018-06-13,191.3601837158203,193.4387766973291,190.8629117962899,191.68838500377453,15853800
2018-06-14,195.73617553710938,196.20361236745035,191.85746053591308,192.0464262982469,19120900
2018-06-15,194.7814178466797,195.9947625499606,193.57801311864267,194.72173246861226,21860900
2018-06-18,197.2279815673828,198.49105646185663,193.07079570403673,193.73713823916728,16826000
2018-06-19,196.4124755859375,196.8799124218229,192.73265110334438,195.1692957406115,19994000
2018-06-20,200.8978729248047,202.43941904423588,197.7252753747876,198.01370161144516,28230900
2018-06-21,200.4005889892578,202.28027628888503,198.99827849613757,201.65370879716426,19045700
2018-06-22,200.63929748535156,201.13656944932043,198.22254784918414,200.06246018608337,17420200
2018-06-25,195.2786865234375,198.90876542217848,192.0563590604058,198.90876542217848,25275100
2018-06-26,197.91421508789062,198.01367553754537,195.15932452822122,196.5218598459281,17897600
2018-06-27,194.77149963378906,199.65471447426756,194.7317245497356,198.09327305937637,18734400
2018-06-28,195.15933227539062,196.26327653803165,192.20553587468993,194.11505821469757,18172400
2018-06-29,193.25978088378906,196.5218837115662,192.90174446729958,196.24341262935616,15811600
2018-07-02,196.28318786621094,196.37269317652115,191.1712327450593,192.31495217823,13961600
2018-07-03,191.67843627929688,194.33386659755166,191.4695905643917,193.48851341132925,13489500
2018-07-05,197.36721801757812,197.56612374644473,192.97133615482835,193.6774689441693,19684200
2018-07-06,202.1211395263672,202.5289061412257,196.62131332773166,197.36722120467718,19740100
2018-07-09,203.62294006347656,204.67715425489004,201.0172245147829,203.811890672351,18149400
2018-07-10,202.42945861816406,203.79199407978382,201.15644364090244,203.38422743887807,13190100
2018-07-11,201.43490600585938,203.3842186417146,200.64922303650815,201.11665986307713,12927400
2018-07-12,205.79103088378906,205.95016155681267,202.0813862252014,202.3200670592006,15454700
2018-07-13,206.18885803222656,207.29278724303958,205.32359448041575,206.67617485310015,11486800
2018-07-16,206.09930419921875,207.58117990121838,205.71143273031063,206.36783527016553,11078200
2018-07-17,208.84425354003906,209.3116903300431,203.7223439747171,203.78201417335018,15349900
2018-07-18,208.21771240234375,209.83882382245466,207.30273383149125,208.6752092755378,15334900
2018-07-19,206.9546356201172,208.84427812732358,206.62643431346234,207.63093336049135,11350400
2018-07-20,208.7945556640625,210.34604177102543,207.36240997285486,207.71050641952252,16163900
2018-07-23,209.75924682617188,210.46536446063362,207.66075869784598,209.43104553495107,16732000
2018-07-24,213.49874877929688,215.0203998148396,211.44005068584227,213.9363505471328,28468700
2018-07-25,216.31329345703125,217.42717774417895,213.10092098035946,214.5430065682993,58954200
2018-07-26,175.2982940673828,179.147189097874,172.80199445953403,173.93577384493778,169803700
2018-07-27,173.93577575683594,178.94827015384055,172.0560884610173,178.88859995008997,60073700
2018-07-30,170.12667846679688,174.3435500997214,165.65123088099674,174.3435500997214,65280800
2018-07-31,171.6383819580078,173.28932841522098,169.07245696651069,169.73879953466744,40356500
2018-08-01,170.71343994140625,174.12473312146858,169.96753207942714,172.98099862778002,34042100
2018-08-02,175.40769958496094,175.82540619427192,169.34099101102314,169.74874246917307,32400000
2018-08-03,176.8100128173828,177.8741820715669,175.18890140889272,176.72050750876983,24763400
2018-08-06,184.67684936523438,184.7762946446069,177.40673627223342,177.99351349979605,49716200
2018-08-07,182.8070831298828,187.27259000298324,182.71757783506385,185.4824082289378,33398600
2018-08-08,184.1696014404297,185.83050283124302,182.75735115873388,183.74195491892027,22205200
2018-08-09,182.0910186767578,185.55204198868879,181.48434635847684,184.83596924660196,19732100
2018-08-10,179.27647399902344,181.10644626809247,178.44106078356697,181.04676088795824,21500400
2018-08-13,179.067626953125,181.61365683400982,177.92389239650862,179.1173571817666,17423300
2018-08-14,180.12184143066406,180.99704489500056,177.64542172391296,179.7240299517121,19102000
2018-08-15,178.5504608154297,179.88314596692624,173.8263774051919,178.36149505093454,33020200
2018-08-16,173.74681091308594,179.51516838951818,173.06057321525645,179.43560305891845,31351800
2018-08-17,172.8517303466797,175.25852472868797,171.10132339573886,173.54790803146963,24893200
2018-08-20,171.55880737304688,173.61752034577987,169.9774863559105,173.0903981645335,21518000
2018-08-21,171.67816162109375,173.21970768736617,170.45487688422216,171.86712738848357,19578500
2018-08-22,172.6925811767578,173.28931351436515,171.19082553367545,171.2703908570587,16894100
2018-08-23,171.9566192626953,174.5921694734653,171.88700908703672,172.14558501532244,18053600
2018-08-24,173.6970672607422,173.86615305990867,171.97651074915564,172.75225369313264,14631600
2018-08-27,176.4917755126953,177.6951651902707,174.83087376672546,175.02979469655546,17921900
2018-08-28,175.2982940673828,177.26750182271684,174.87064749484762,177.1282662903176,15910700
2018-08-29,174.94024658203125,175.82538994806558,173.79652729380206,175.33807320333167,18494100
2018-08-30,176.67076110839844,178.80902422129753,174.74134369648098,174.94024942259395,24216500
2018-08-31,174.77120971679688,176.65089723585314,174.0253017302581,176.1834603502459,18065200
2018-09-04,170.22613525390625,172.94123581487642,167.87901107476637,172.5533643061664,29809000
2018-09-05,166.267822265625,170.19628234672695,165.760610399768,168.56523115053136,31226700
2018-09-06,161.6431884765625,166.06890496476362,159.12699409645492,166.06890496476362,41514800
2018-09-07,162.1504364013672,163.73177279060744,159.28616018941196,159.43533570937043,24300600
2018-09-10,163.28419494628906,164.10966812714943,161.27522738256707,162.61785241667425,20197700
2018-09-11,165.0346221923828,166.2778021050342,162.82673345347106,163.0455343321406,20457100
2018-09-12,161.1160888671875,163.5925082888937,160.9171831506063,162.3592685652368,24078100
2018-09-13,160.47958374023438,162.42889621160091,159.98231185397628,161.1160911476234,25453800
2018-09-14,161.43435668945312,161.9515085383933,159.46514904164002,160.83762434001872,21770400
2018-09-17,159.703857421875,161.17577810913815,158.89827931043732,161.0365425735259,21005300
2018-09-18,159.4254150390625,160.877440860947,158.00320914924467,158.5203763069546,22465200
2018-09-19,162.1703338623047,162.54826541901812,158.6098647045569,159.20659714404798,19629000
2018-09-20,165.11419677734375,165.54184340699476,163.57265056419337,163.60248566972544,18936000
2018-09-21,162.041015625,166.33745216702349,161.92167522401076,165.73077983610443,45994800
2018-09-24,164.5074920654297,164.79590308750412,160.00220990750242,160.15138540589712,19222800
2018-09-25,164.01023864746094,164.6865212170855,160.27074386071362,161.1061722724451,27622800
2018-09-26,166.03909301757812,168.3762771394471,163.31405257607582,163.4035578806066,25252200
2018-09-27,167.9187774658203,170.83279879376195,166.29768133407063,166.6358225958555,27266900
2018-09-28,163.5626983642578,167.86906014662694,161.67305582706635,167.41157844563213,34265600
2018-10-01,161.55369567871094,164.9749287444604,160.3801261152113,162.14047287269378,26407700
2018-10-02,158.460693359375,161.39459505054654,157.80429069373972,160.69841730314704,36031000
2018-10-03,161.5437469482422,162.76704678496364,158.65957591278433,159.12701272671183,23109500
2018-10-04,157.98330688476562,160.57906710857006,156.49149101305127,160.57906710857006,25739600
2018-10-05,156.47158813476562,160.0221018422919,155.34774871090556,158.34133545753417,25744000
2018-10-08,156.39202880859375,157.4760780211639,153.54763263786754,154.69135205655556,24046000
2018-10-09,157.03848266601562,159.71380830309735,156.56110582211073,156.82963693610435,18844400
2018-10-10,150.5540771484375,156.82964742588857,150.48445178345258,155.96439899302447,30610000
2018-10-11,152.51333618164062,153.96536199675762,148.3461941828544,149.31090312567525,35338900
2018-10-12,152.90118408203125,156.0339912851964,150.47449454694697,155.87486061965814,25293500
2018-10-15,152.68238830566406,154.7212063962419,151.71767948000823,152.4834825548717,15433500
2018-10-16,157.91366577148438,158.58996345713277,154.16423133883913,154.5521028197656,19180100
2018-10-17,158.5501708984375,159.61434004952278,157.08819029725598,158.6894064235246,17592000
2018-10-18,154.0747528076172,157.7943527861169,152.44370127423693,157.64516208258726,21675100
2018-10-19,153.20947265625,156.49147017204336,152.71220076523687,155.0095944736321,19761300
2018-10-22,153.93551635742188,156.4815465238763,153.6172701743835,153.91562122862672,15424700
2018-10-23,153.54762268066406,153.92555419561694,150.02694416819526,150.394920532417,19095000
2018-10-24,145.24317932128906,153.80620260324403,144.80559276827734,153.43822622948196,27744600
2018-10-25,150.12640380859375,151.3795388778303,146.19795830423348,146.92397112693433,22105700
2018-10-26,144.5768280029297,148.18702686940904,143.01540212115393,145.0243848553787,31303300
2018-10-29,141.31472778320312,148.0179585951655,138.27142612119422,147.68975731340495,31336800
2018-10-30,145.4221954345703,145.83990200888732,138.97755586926888,139.17646159386734,50528300
2018-10-31,150.96180725097656,155.54665509568858,148.1472614551949,154.15429974881656,60101300
2018-11-01,150.92202758789062,151.91657142702007,148.53512844419387,150.69328675404057,25640800
2018-11-02,149.52967834472656,153.28905299498476,148.14726295931982,150.97176393481433,24708700
2018-11-05,147.8687744140625,149.37054536103273,146.63554973505495,149.28104005540186,15971200
2018-11-06,149.12191772460938,150.14629674769748,147.19250009260702,148.49535019912477,16667100
2018-11-07,150.70323181152344,152.17515249392403,149.0125102630928,150.7430220647299,21877400
2018-11-08,147.0631866455078,150.11644339152213,145.93936247243235,149.66890171725072,24145800
2018-11-09,144.16908264160156,146.9537932709049,143.283939225387,145.94930944930152,17326900
2018-11-12,140.7777099609375,144.24865890045606,139.72349572112253,143.69171667380192,18542100
2018-11-13,141.3843536376953,144.08951405255362,140.84729147452825,141.22522298375438,15141700
2018-11-14,143.43312072753906,144.78570102210975,140.7776903679,142.91595365667914,22068400
2018-11-15,143.06512451171875,144.049713111905,140.06159813748533,141.5534137625271,30320300
2018-11-16,138.76870727539062,140.99649104444111,137.01831549826656,140.30031335896763,37250600
2018-11-19,130.83224487304688,136.99841363113816,130.4941036103869,136.85917810089379,44362700
2018-11-20,131.7074432373047,133.4280151347869,126.15789396428681,126.33691217230466,41939500
2018-11-21,134.0843963623047,136.44146020599288,133.39815874312117,133.66667463064513,25469700
2018-11-23,131.01126098632812,133.76615178146048,130.54382414895974,132.92078341374273,11886100
2018-11-26,135.6359100341797,136.25252243281344,132.05554571025613,132.27434659535902,24263600
2018-11-27,134.26344299316406,135.8646594758818,132.9804878817992,135.00935100979277,20750300
2018-11-28,136.01382446289062,136.04365956719946,131.13062522606515,135.53644761841312,29847500
2018-11-29,137.92333984375,139.22620509147157,134.9198282122571,135.17840416133203,24238700
2018-11-30,139.84280395507812,140.20084032915233,136.61053661362882,137.50561996104733,25732600
2018-12-03,140.3201904296875,142.89605540082724,139.99198913280148,142.2197728561179,24819200
2018-12-04,137.17742919921875,142.60764542622422,136.4116413429442,139.9621550803617,30307400
2018-12-06,138.8681640625,138.93777424143912,132.94067597819077,133.08986666254887,28218100
2018-12-07,136.6702117919922,140.10138498279886,135.91436394165007,138.49022882854095,21195500
2018-12-10,141.0760498046875,142.26949937783837,138.25153376507103,138.83832616420415,26422200
2018-12-11,141.3048095703125,143.0949917576485,140.33016072547161,143.0949917576485,20300300
2018-12-12,143.71157836914062,146.38690360562043,141.7324307540135,142.29932800138684,23696900
2018-12-13,144.2187957763672,145.05422412958745,142.40873389138147,144.7757530703589,18148600
2018-12-14,143.27398681640625,145.21334431876113,141.73244078998337,142.5579140193006,21785800
2018-12-17,139.4251251220703,144.12931397044864,137.66477800132887,142.299356661319,24334000
2018-12-18,142.8761749267578,145.1337785682141,139.06707011237515,140.3102499404817,24709100
2018-12-19,132.51304626464844,144.11937276955956,131.7770782512219,140.43956305350073,57404900
2018-12-20,132.67213439941406,134.8303077600239,129.29069161208085,129.98686922411608,40297900
2018-12-21,124.26824951171875,134.16395766381402,122.74659865375958,132.66220193176275,56901500
2018-12-24,123.38311004638672,129.03212711753764,122.34878351137088,122.42834884201076,22066000
2018-12-26,133.44789123535156,133.50757661591481,125.20312910406457,125.31252953846084,39723400
2018-12-27,133.7860565185547,134.25349338950082,128.96251228667933,131.7174032797059,31202500
2018-12-28,132.4732208251953,135.17838096491377,131.47867710252038,134.60154378469835,22627600
2018-12-31,130.37474060058594,133.90537405801044,129.24096129734187,133.71640831154747,24625300
2019-01-02,134.939697265625,136.75971426450664,127.85855017312883,128.28621190400312,28146200
2019-01-03,131.0211944580078,136.42155954540726,130.4045670354363,133.95509538171945,22717900
2019-01-04,137.1973419189453,137.24707215410857,133.02026014936249,133.27883612645945,29002100
2019-01-07,137.2967987060547,138.11231687381346,135.16847520778222,136.8094666953876,20089300
2019-01-08,141.75233459472656,142.35900695396398,138.7786430018194,139.12673942166552,26263800
2019-01-09,143.44305419921875,143.91049101938185,140.499212922803,142.17003929446577,22205900
2019-01-10,143.41322326660156,143.77125966744137,140.0715552506083,142.29933898644884,16125000
2019-01-11,143.01541137695312,144.5668973842867,141.79212666740705,142.36894875687406,12908000
2019-01-14,144.5967254638672,145.77029506340318,140.49920977934033,141.22522251919784,20520300
2019-01-15,148.13729858398438,149.85785513913842,145.1934573824346,145.21333733240022,24069000
2019-01-16,146.73501586914062,148.83350432740826,146.19796878349882,148.18705679415868,18025700
2019-01-17,147.49085998535156,148.18703766410272,145.700677971752,146.14821968126807,15787900
2019-01-18,149.2213592529297,151.59831855375347,147.73949856247353,148.9329482007615,31029600
2019-01-22,146.76486206054688,150.70324771359213,145.57139714698235,148.3859584246904,22378700
2019-01-23,143.51268005371094,147.9881273619834,142.2794402211278,147.47096031276664,20098400
2019-01-24,145.03433227539062,145.64100463429529,141.74239454161773,143.85082265920485,20955500
2019-01-25,148.1969757080078,149.0125089607257,145.74045114994203,146.67532481016593,22237200
2019-01-28,146.6654052734375,148.1472813004642,145.4122852933893,147.24224261599412,15508500
2019-01-29,143.40328979492188,147.29196015183186,142.64742670579278,147.28200500032068,17632100
2019-01-30,149.5992889404297,150.1263959839563,144.90504060237242,145.42220767026967,44613200
2019-01-31,165.78050231933594,170.74326598546557,164.0997209314077,164.69645325955346,77233600
2019-02-01,164.80587768554688,168.1773809269243,164.7561474550356,164.93515807423327,30806500
2019-02-04,168.3265380859375,168.37626831102537,162.7272516378976,164.7959045621744,20036000
2019-02-05,170.22613525390625,171.0416533495504,167.76961064023098,168.22709232971695,22557000
2019-02-06,169.55979919433594,171.52899191619684,168.34645439209436,170.26591688261044,13281200
2019-02-07,165.47222900390625,168.3166253379533,164.34838947237128,167.28229112073447,17517600
2019-02-08,166.4170379638672,166.4568130439116,163.31406575217557,163.5726417113045,12561400
2019-02-11,164.88543701171875,167.38175207214874,164.17931929601863,166.98392538147436,12811200
2019-02-12,164.13949584960938,167.42149330024313,163.6024488952124,165.94957278121672,16292300
2019-02-13,163.17481994628906,165.31308319541048,162.83666349726653,164.47766998719388,14205100
2019-02-14,163.05548095703125,163.9704595889877,161.36475924199138,162.29963300251157,12755200
2019-02-15,161.61337280273438,163.80136619941834,159.98232152423893,163.61240044313269,15504400
2019-02-19,161.40452575683594,163.25437805112938,159.4552281760752,159.6242988210519,14345400
2019-02-20,161.6730499267578,162.8267244641349,160.37019987831266,161.364743753527,11770700
2019-02-21,159.1668243408203,161.35483340851715,158.71928254989612,161.04651200313225,15607800
2019-02-22,161.00669860839844,161.5238656445764,159.4353175498251,159.703848630701,15858500
2019-02-25,163.7218017578125,165.16390246336158,162.01118514238442,162.1802709493174,18737100
2019-02-26,163.23446655273438,165.33295442094956,162.9062653021946,163.44331223682963,13784100
2019-02-27,161.92169189453125,163.0355762198679,159.53479257579966,162.01119720448816,12697500
2019-02-28,160.56910705566406,162.60792505321203,159.98232980616322,161.48408560798794,11114200
2019-03-01,161.39459228515625,162.23996071964444,160.80781499208334,161.71285363596382,11097800
2019-03-04,166.45680236816406,166.58609792720418,162.93612375189323,163.00573393139052,18894700
2019-03-05,170.32559204101562,170.942219611651,165.6412985175665,166.45681666829066,28187900
2019-03-06,171.56875610351562,172.62298534427387,170.335531427459,171.95662760252296,21531700
2019-03-07,168.20721435546875,170.80297453674174,166.69550338108417,170.5642785379856,18306500
2019-03-08,168.67465209960938,168.6945320512932,165.06445287382297,165.2931937224723,13184800
2019-03-11,171.13116455078125,173.3489930482135,170.64383260964033,170.66372773544094,18884000
2019-03-12,170.98199462890625,172.85174211726695,170.2858168967091,171.15106527990153,12155300
2019-03-13,172.424072265625,173.08047488624112,171.18089238212588,171.37981330391426,11973300
2019-03-14,169.24151611328125,170.21616478518513,167.24248854451702,168.83374951438583,18037400
2019-03-15,165.0743865966797,166.66566285217706,161.62331816830365,166.24795624960439,37135400
2019-03-18,159.59446716308594,163.00574559083216,158.41095744716216,162.67755944531532,37524200
2019-03-19,160.68846130371094,162.92618502435073,159.94255339683102,160.59894082147858,25611500
2019-03-20,164.53733825683594,165.2136207958598,160.36025708932718,160.61883302915365,20211500
2019-03-21,165.173828125,165.482134259982,162.85653936217196,163.9903186322369,16223000
2019-03-22,163.44332885742188,166.50652566509072,163.19469290071694,164.7461788424702,16389200
2019-03-25,165.38267517089844,165.63131111089504,161.11608911779163,162.11063287777802,12631200
2019-03-26,166.76512145996094,168.5254684922532,165.44239136721308,166.4369353124911,15437900
2019-03-27,164.96498107910156,168.0182379372491,163.8908719160823,166.93418879907085,10620300
2019-03-28,164.646728515625,165.8103429362535,162.43884007375533,163.67207984438247,10443000
2019-03-29,165.78050231933594,166.27777420094628,163.9107551883104,165.48213615526305,13455500
2019-04-01,167.779541015625,167.9784467464348,166.36729059868063,166.91429274005844,10381500
2019-04-02,173.24954223632812,173.94571992274805,168.62491922782715,169.21169647955713,23946500
2019-04-03,172.5931396484375,176.9890369879235,172.00636239663868,173.54790845816498,27391100
2019-04-04,175.0596160888672,177.02880870054364,174.5722841298135,175.0596160888672,17847700
2019-04-05,174.76123046875,176.0342452656681,174.14461819461158,175.9149048708112,9594100
2019-04-08,173.9755401611328,174.54243741305552,173.27936253419327,174.25402638744274,7297400
2019-04-09,176.61109924316406,178.21231545357313,174.59217643554416,174.66178661397853,19751000
2019-04-10,176.8498077392578,177.814501383441,175.57677755584146,177.20782898315923,11701500
2019-04-11,176.54147338867188,177.42661680834283,176.03426148825417,177.2675013257147,8071000
2019-04-12,178.122802734375,178.6499097404998,176.97906824567207,177.02879847136077,12329800
2019-04-15,178.66981506347656,179.51518349363343,175.90498408853165,177.5260955878868,10834800
2019-04-16,177.89407348632812,179.18698367101473,177.32719131971464,178.02336905745773,11215200
2019-04-17,177.80453491210938,179.7538473886912,177.38682834759908,178.6200680920107,9973700
2019-04-18,177.30728149414062,177.9040138916203,176.37240782000555,177.824448560254,11655600
2019-04-22,180.45004272460938,180.67878356622342,177.27744534201585,177.27744534201585,13389900
2019-04-23,182.7772674560547,183.21486917794178,180.48981356698525,181.74294852975913,19954800
2019-04-24,181.5838165283203,184.12984633624404,180.65888286380454,183.4833989090337,37289900
2019-04-25,192.20555114746094,197.39707158693903,191.07177169375515,195.9052557175611,54148800
2019-04-26,190.44522094726562,191.84751634284964,188.05830643089507,191.44970484455584,22075000
2019-04-29,193.71725463867188,194.3438221357057,189.6097835812905,189.908149778713,19641300
2019-04-30,192.34475708007812,196.31299214497471,191.23087292524403,193.13045514863916,23494700
2019-05-01,191.976806640625,195.10961383644303,191.9569115135955,193.71725845508735,15996600
2019-05-02,191.47952270507812,192.94150335173453,188.71469206696716,191.94695952002456,13209500
2019-05-03,194.4034881591797,195.08972584583253,192.6530964410992,193.31943900154235,14575400
2019-05-06,192.82215881347656,193.21997026741658,189.5103261038328,190.1965637610834,13994900
2019-05-07,188.73458862304688,191.84750052052632,186.82506627275686,191.48946413137602,16253000
2019-05-08,188.50584411621094,189.6794138094113,187.5212553676193,188.3566686014351,12505700
2019-05-09,187.62069702148438,188.73459648721837,185.24373775366263,186.17861142959455,12967000
2019-05-10,187.31239318847656,188.96333969318766,183.58285358926892,187.2228878802241,12578500
2019-05-13,180.54949951171875,184.41827481675543,179.85332179144277,182.49881230402764,16833300
2019-05-14,179.743896484375,182.48884708104438,177.12825661323757,181.52413838229234,17628100
2019-05-15,185.25369262695312,186.2581764817482,179.03779338197933,179.43560486344356,16746900
2019-05-16,185.96975708007812,187.55107813483656,184.0403396130239,184.0403396130239,12953100
2019-05-17,184.2889862060547,186.55654506556695,183.27454718715643,183.83148933854042,10485400
2019-05-20,181.7230682373047,183.22482410951628,180.3804278606027,180.88765497761887,10352000
2019-05-21,183.8115997314453,184.6867879909884,182.8866660692773,183.56296377152867,7502800
2019-05-22,184.3088836669922,185.721134190324,182.60820691305418,183.72209122992757,9213800
2019-05-23,179.88314819335938,182.89661496040836,178.6896985626875,181.4246942550976,12768800
2019-05-24,180.07212829589844,182.62811357618295,179.8433874325638,181.33520338355228,8807700
2019-05-28,183.30438232421875,183.70220898637862,180.45998618580137,180.54949149396154,14843300
2019-05-29,181.19593811035156,183.5530020700705,180.3605249569745,182.49878806573264,12797700
2019-05-30,182.01148986816406,182.47892675679168,179.90306146876253,182.08111523161523,8581500
2019-05-31,176.50169372558594,179.5549353751343,176.1933875681157,179.29635944398962,15226500
2019-06-03,163.25436401367188,174.09490089184885,160.13149698704476,174.04517066512335,56059600
2019-06-04,166.5861053466797,167.36184838440047,159.96243924718462,162.81679059547415,46044300
2019-06-05,167.25244140625,167.79944357185013,163.73176277085724,166.56620370536396,19758300
2019-06-06,167.4115753173828,168.77409559452076,166.31757096494945,167.38174021463786,12446400
2019-06-07,172.4041748046875,172.92132665731603,167.91877252821251,169.24151761098327,16917300
2019-06-10,173.86619567871094,176.88960287127838,172.85175651271825,173.79657031192448,14767900
2019-06-11,177.12826538085938,178.9979974955441,175.8254001926637,177.50618172369698,15266600
2019-06-12,174.08494567871094,178.29187701452022,171.93674253496428,177.40673361104805,17699800
2019-06-13,176.50169372558594,177.05863583914953,173.6572977808567,174.5722762782161,12253600
2019-06-14,180.34063720703125,180.84784910471032,179.0178920723216,179.52510397000066,16773700
2019-06-17,187.97872924804688,188.46606120194633,183.40383660387468,184.000553813705,29459900
2019-06-18,187.4416961669922,193.46862996968517,186.25818645926503,192.94152289951802,37571400
2019-06-19,186.4570770263672,187.07370453364862,183.5430708257868,185.97970022680641,21417100
2019-06-20,188.4958953857422,190.11700672351336,186.61620810919058,189.90814583699213,14635700
2019-06-21,190.09710693359375,190.95241523385008,187.72014778848543,187.72014778848543,22751200
2019-06-24,191.54916381835938,192.9216240996827,190.52478480145422,191.37013802264326,15509000
2019-06-25,187.80966186523438,192.08620356631081,187.10354421171124,191.8276276217937,16750300
2019-06-26,186.6361083984375,189.71918532500675,186.28801196978415,188.50584057583285,12808600
2019-06-27,188.466064453125,197.79489086375702,187.2427797351121,188.84399598207827,11159000
2019-06-28,191.94696044921875,192.14586618141672,188.90365873753947,189.51033108484077,16378900
2019-07-01,191.94696044921875,194.2145191824517,190.88279125988097,194.14490900517302,14181800
2019-07-02,193.93605041503906,193.93605041503906,191.658551679708,191.94696271847457,9050000
2019-07-03,196.12403869628906,196.32294442561565,193.10063215413552,193.10063215413552,10246100
2019-07-05,195.32839965820312,195.99475737030082,193.11057119465227,195.1095988043424,11164100
2019-07-08,194.69190979003906,195.60688836350366,192.5834815631657,194.12502765427257,9723900
2019-07-09,198.12307739257812,198.3717133429764,193.82664088543999,193.9062062106315,14698600
2019-07-10,201.62387084960938,201.85262686193497,198.5805690908346,198.90877038303077,20571700
2019-07-11,200.13206481933594,202.688049927506,199.11764096735922,202.15098772301423,13678500
2019-07-12,203.75221252441406,204.1798743107173,198.07337511436688,198.59052703777778,15366300
2019-07-15,202.79745483398438,204.20970538255585,200.71886167855044,203.1355961254305,16030300
2019-07-16,202.72781372070312,204.3489250442085,201.99186098775252,202.7775439480596,12132700
2019-07-17,200.69895935058594,203.2449892721912,200.49009845716478,203.06596348132516,12083700
2019-07-18,199.68450927734375,201.36529078068799,198.2921539834379,199.05794180731885,11937900
2019-07-19,197.27772521972656,201.22606564889563,196.98931417092012,201.0768749611389,12098300
2019-07-22,201.2161102294922,201.46474618113467,197.72525175608973,198.81925601353038,13589000
2019-07-23,201.25587463378906,203.1256217471762,199.86351944862847,201.73325138648224,14583700
2019-07-24,203.54335021972656,203.69252572865182,196.14394146633396,196.55170809144298,32532500
2019-07-25,199.6149139404297,207.52153495366292,197.1782692316447,205.57222222174204,39889900
2019-07-26,198.66014099121094,201.77306820684404,195.1792373943687,199.0977427286139,24434000
2019-07-29,194.8709259033203,198.54079516627178,194.2344184414219,197.91422767975763,16530800
2019-07-30,195.96493530273438,197.62583707126737,192.44425635974565,194.32394383809844,11903600
2019-07-31,193.17025756835938,197.67554022412716,191.62871148729056,195.87541819208985,14593500
2019-08-01,191.67843627929688,197.3871235700892,189.83853922067033,193.11058188364444,17777000
2019-08-02,187.9886932373047,191.5690421912223,187.04387956233487,190.05734638148485,15297000
2019-08-05,180.7384490966797,184.65695428260693,178.3614899089697,183.6823055615321,23086700
2019-08-06,183.5032958984375,184.7763109206034,182.0910453324577,182.68777776339502,18035700
2019-08-07,184.13980102539062,185.3531458238604,180.23125069751862,182.5982700872442,15833200
2019-08-08,189.12246704101562,189.30147765438073,183.04580335360296,185.60177322281655,14828900
2019-08-09,186.82508850097656,189.93800076882647,186.0990604855594,188.96335193955164,11058800
2019-08-12,184.3585968017578,186.5664854608058,183.45357339149152,185.83053269148013,10930900
2019-08-13,187.42178344726562,190.33580478716848,184.35858660170845,184.50777728289742,13577000
2019-08-14,178.72947692871094,184.97521091682316,178.33165029459062,184.7862451625578,18903700
2019-08-15,181.59376525878906,182.20043763879673,179.04773532811276,179.9627138859786,12925900
2019-08-16,182.6977081298828,184.09007867032096,181.36502296982792,182.7474383591012,12654600
2019-08-19,185.1542205810547,186.47696567866615,183.84143063395473,184.99508992821399,9691200
2019-08-20,182.8070831298828,184.98513635701033,181.39483283467285,184.4381342627835,10083400
2019-08-21,182.5485076904297,184.88567638919588,182.14074111226967,183.9905930876315,8398200
2019-08-22,181.04676818847656,183.10548138336893,178.92839996211492,182.42918362772704,10821400
2019-08-23,176.78018188476562,182.1308330337081,175.6961326534518,179.85331895725827,17323400
2019-08-26,179.3759307861328,179.5151663191928,177.26750266392898,178.42116200548233,8773600
2019-08-27,180.31082153320312,183.03586224934733,180.02239528882197,180.9373739036001,14399600
2019-08-28,180.7682647705078,180.95723050924673,177.94376419023422,179.54498021910993,9386100
2019-08-29,184.55751037597656,185.0647222786124,182.46896221117504,182.76732840265169,10128700
2019-08-30,184.65695190429688,185.78079129329316,182.45901852866373,185.7608961674563,10774500
2019-09-03,181.39486694335938,184.65696982255213,181.1163958567602,182.9960832790727,9779400
2019-09-04,186.1189422607422,186.72561463835962,182.8866746305176,183.6425225208543,11308000
2019-09-05,189.85841369628906,190.31591054163638,186.9145724171718,187.50134964283936,13876700
2019-09-06,186.467041015625,189.1722016339167,185.3332615782186,189.1722016339167,15226800
2019-09-09,187.7301025390625,187.94890341278165,184.8359913012969,186.70572352825727,14722400
2019-09-10,185.1542205810547,187.0736980390516,183.54306445376199,186.41729547773446,15455900
2019-09-11,187.4615936279297,188.40640734042972,185.064739078713,185.44267063392752,11761700
2019-09-12,186.4471435546875,189.88825690254242,186.2084475588135,188.8241028356169,11419800
2019-09-13,186.1686553955078,186.94439834148747,185.5221928235021,186.30789091977252,11441100
2019-09-16,185.20396423339844,186.76539024793243,184.7564225184319,185.91008189632586,8444800
2019-09-17,187.05380249023438,187.29249846895522,184.52765270259187,185.6415520944215,9671100
2019-09-18,187.1134796142578,188.04835326275372,184.99509635439088,187.06374938657584,9681900
2019-09-19,189.10256958007812,190.05733836617867,187.12342182871717,187.6306489113942,10392700
2019-09-20,188.89370727539062,192.04642465320723,187.09358532421564,189.61973521661565,19934200
2019-09-23,185.8007049560547,189.06280784416091,184.19948861596617,188.30694474229546,13327600
2019-09-24,180.29090881347656,187.01401980982743,179.40576538958175,186.9543496066153,18546600
2019-09-25,181.80262756347656,182.4192399239769,176.89951825576009,180.45998723115457,18068300
2019-09-26,179.1272735595703,180.41022830651423,176.70058440668228,180.3406181360143,16083300
2019-09-27,176.13372802734375,179.7737471114586,174.70158240547906,179.5052311890105,14656200
2019-09-30,177.10838317871094,177.69516044966076,175.88509840568048,176.89952227817602,10740000
2019-10-01,174.8507537841797,178.8587643301928,173.92583527765433,178.1725266379785,17073000
2019-10-02,173.64736938476562,175.56683180954116,172.14559839748037,173.88605020618866,16151700
2019-10-03,178.4012908935547,178.858772592474,172.68266342831356,174.61208103597627,16086300
2019-10-04,179.46542358398438,179.99253057780044,177.1282547865346,178.57034024462638,10430200
2019-10-07,178.6996307373047,180.19144650440364,177.1183096663081,179.0178920518758,9178300
2019-10-08,176.78018188476562,179.38588210053837,176.7503467811908,177.2873938210733,9466900
2019-10-09,178.86871337890625,179.73396165233524,176.96913102696647,178.1824757101035,7556900
2019-10-10,179.0477294921875,180.61911060845716,178.1924211675226,179.3361557092273,8605000
2019-10-11,183.18502807617188,185.4724818903145,181.14621021627227,181.15615019124962,14930500
2019-10-14,182.27999877929688,183.61268391931094,181.57388113183447,183.19497731612154,7006000
2019-10-15,187.8594207763672,189.3412968407638,182.65795976089214,182.79719531774205,15039100
2019-10-16,188.5157928466797,188.6649683563746,185.88024249630107,187.29250814057636,10516900
2019-10-17,189.35121154785156,189.79875326546096,187.74005529424355,189.2617062394368,9603000
2019-10-18,184.83599853515625,190.44522578663506,182.91652082705016,189.19209070164817,16874200
2019-10-21,188.72462463378906,188.87381530800985,185.7310532810458,186.01946430368506,8122600
2019-10-22,181.3451385498047,189.60979627097285,180.5097252815395,188.963348779573,19537600
2019-10-23,185.1343231201172,185.36307912151534,181.00697240204252,181.01691237689428,12300400
2019-10-24,185.3630828857422,185.7111641190327,181.80261417259808,183.61267604209826,11413500
2019-10-25,186.86485290527344,187.9687972421296,184.0801269480607,184.81609489781,8061200
2019-10-28,188.36659240722656,188.49588795929017,184.07017101961029,186.17859905030403,13657900
2019-10-29,188.277099609375,191.4795321189681,187.44168639179472,190.6441189013878,13574900
2019-10-30,187.222900390625,189.4108940665901,184.96528135323192,188.5257505495868,28734600
2019-10-31,190.6043243408203,197.00918921527722,187.22288129338483,195.62677385949485,42286500
2019-11-01,192.56356811523438,193.05090004653945,188.87381906925137,191.7977803060133,21711800
2019-11-04,193.6575927734375,196.29312808383324,192.75255416664655,193.48852212857585,16371300
2019-11-05,193.25978088378906,194.6819713982522,192.5437080508101,194.30403985430888,9942000
2019-11-06,190.50489807128906,193.30950413982234,190.3059923149203,192.9713628364418,10973000
2019-11-07,189.38104248046875,192.3845692261559,188.43622883620148,190.86291831446954,13473000
2019-11-08,189.7987518310547,191.29056766216857,188.66497240642954,188.9633386077594,10760800
2019-11-11,188.57546997070312,189.0429068189474,187.51130071071088,188.8937161282426,8631200
2019-11-12,193.408935546875,193.9957127514397,188.7047475844017,188.96332351127745,17615500
2019-11-13,192.13592529296875,194.63222484758705,191.68838360376697,193.63768101578995,10860700
2019-11-14,192.0961456298828,192.9713491062772,190.4054240577408,191.8773447607842,9040500
2019-11-15,194.03553771972656,194.23444348179962,192.32492084993189,193.2001092381607,11524300
2019-11-18,196.3229522705078,197.54625214704038,191.9966955765272,193.4984513448163,16167200
2019-11-19,198.23248291015625,198.9087654283561,195.7858984181523,196.32294540757368,19056800
2019-11-20,196.43235778808594,198.50101089547826,194.36370468069362,197.4965270321367,12355400
2019-11-21,196.85006713867188,198.00374170653475,195.78591305535062,196.34285521210217,12131000
2019-11-22,197.7352294921875,198.2126063247184,196.5417646475564,197.29762773922755,9959800
2019-11-25,198.69992065429688,199.8734903567332,198.16287362134176,198.43140472558716,15272300
2019-11-26,197.88438415527344,199.05793857313617,196.95945051571525,198.9087630710466,11735500
2019-11-27,200.8978729248047,202.0316523927054,198.33194777628495,198.80932461131263,12736600
2019-11-29,200.53981018066406,202.68802841960533,200.1121636331474,200.50003510610617,7985200
2019-12-02,198.6103973388672,201.0768617573563,196.9694061100471,201.02714670690395,11503400
2019-12-03,197.7352294921875,197.84461475489158,194.01562976756384,196.5218846955389,11595300
2019-12-04,197.6258087158203,198.93859866406203,196.96940615393228,198.90876356357023,8456300
2019-12-05,198.2722625732422,200.19172491977804,197.1285432157818,198.769534498318,9740400
2019-12-06,199.95303344726562,200.47020047092062,198.96842962491877,199.4060313237396,12270600
2019-12-09,200.24147033691406,202.03165243809,199.11764602035763,199.55523260016864,11954800
2019-12-10,199.7740020751953,200.94757161420023,199.057929347285,200.55970015120994,9475700
2019-12-11,201.15643310546875,201.52442464835858,199.18724053682976,199.18724053682976,8036800
2019-12-12,195.676513671875,202.54881571030677,193.0409783889484,201.24596562042473,23734800
2019-12-13,193.05091857910156,195.72624411957148,192.11604487754332,195.32841745107024,18798000
2019-12-16,196.8401336669922,198.0335833531141,193.7471014241186,194.204598311159,14911500
2019-12-17,197.3075408935547,197.9142132094089,195.05987740271036,197.75508256168527,10175700
2019-12-18,201.3951416015625,203.18532367312798,198.99828713839804,198.99828713839804,23274400
2019-12-19,204.93568420410156,205.17438016904902,201.40505083052906,201.6735818941533,16514600
2019-12-20,205.17440795898438,206.57671848886213,202.32005666952077,206.34796246731182,27306900
2019-12-23,205.0550537109375,207.45190814847984,204.55778176168153,205.57222078731368,13348900
2019-12-24,204.00083923339844,205.66172571981068,203.88149882196672,205.1744089227741,6046300
2019-12-26,206.65625,206.68610027555997,204.18978561947756,204.44837672041402,9350700
2019-12-27,206.964599609375,207.79005772360816,205.46282855035173,207.53148176286948,10284200
2019-12-30,203.29469299316406,206.76564099245672,202.78746596479593,206.72586591941482,10524300
2019-12-31,204.130126953125,204.43843312116834,202.48913565684612,202.88694713002434,8953500
2020-01-02,208.63540649414062,208.64534646939356,205.144563062988,205.6219398592188,12077100
2020-01-03,207.53147888183594,209.2520356218842,205.82086211783866,206.0794532505236,11188400
2020-01-06,211.44004821777344,211.6190588431424,205.39321922710818,205.5722298524771,17058900
2020-01-07,211.89752197265625,213.40923295741652,210.5946718851831,211.65884114779743,14912400
2020-01-08,214.0457305908203,215.06016957635293,211.4499705112899,211.83784200935605,13475000
2020-01-09,217.1089324951172,217.18849782674852,215.0999496041477,216.353069432387,12642800
2020-01-10,216.8702392578125,218.6803164304871,216.23373177220356,218.00401869078888,12119400
2020-01-13,220.69921875,220.75888895003618,218.0139535196332,218.40182499540248,14463400
2020-01-14,217.86477661132812,221.16666952696838,217.4371300336889,220.40086650186518,13288900
2020-01-15,219.94337463378906,220.4704816800814,218.93889077068272,219.40632761181521,10036500
2020-01-16,220.55999755859375,221.41530589094376,219.18752216643014,221.3556356870297,10015300
2020-01-17,220.927978515625,221.07715402850437,219.32676225006637,220.81857808100168,15905900
2020-01-21,220.23179626464844,221.15671477639958,217.92444720970508,220.9478690626974,14275800
2020-01-22,220.11245727539062,221.53464772964506,220.07266702216754,221.0970459974021,12212800
2020-01-23,218.56097412109375,220.2815460898936,218.0736572954124,219.54557809988773,11195000
2020-01-24,216.75088500976562,220.56992967962069,214.9308679775219,219.5952809741496,11905800
2020-01-27,213.6976318359375,214.88114144354375,211.34056777155064,211.93730015076656,13810700
2020-01-28,216.60169982910156,217.546528633201,212.35500848824736,214.96070853609658,13413800
2020-01-29,222.01202392578125,222.97673269404922,217.2581054396217,220.23179707511665,33181300
2020-01-30,208.3867950439453,210.27642250062507,203.6328761219066,205.40316315937525,48775500
2020-01-31,200.80836486816406,207.55137137594045,199.96299647294293,207.29278024653664,31359900
2020-02-03,203.075927734375,204.02074143388248,201.39514606260624,202.33001978599498,15495600
2020-02-04,208.6851348876953,209.45093789041363,204.0803920717544,205.4926424975311,19628900
2020-02-05,208.96360778808594,211.56930780466905,207.57125247591208,211.35050694482248,12538200
2020-02-06,209.6995849609375,210.0377262408998,208.19781397695627,209.32165342713526,10567500
2020-02-07,211.17149353027344,211.6588254708243,208.78457922972783,209.15257076668848,12242500
2020-02-10,211.89752197265625,212.6334899255541,209.51062267085427,210.3659310361815,11856400
2020-02-11,206.05955505371094,209.70952938080075,205.3832573039188,209.04318678244726,25030800
2020-02-12,209.61007690429688,210.06757379736624,206.26840863379675,206.71596555058454,13813700
2020-02-13,211.97708129882812,213.16059094033199,208.03868086937734,208.37683732090363,15396600
2020-02-14,213.01138305664062,213.75729090403848,211.48973226199172,212.83237245752144,10741700
2020-02-18,216.61166381835938,216.79067443557608,212.23566156590167,212.38485225578444,15609200
2020-02-19,216.3033447265625,217.12881793292527,214.93086937435274,216.8006166454171,12135100
2020-02-20,213.40921020507812,217.57635115086802,211.7880989565783,215.3386276031747,13109200
2020-02-21,209.03321838378906,213.0710791482345,207.69059329626637,212.31521611251364,14092300
2020-02-24,199.62486267089844,202.53886915740918,197.0887725656687,200.69897195695586,23080100
2020-02-25,195.6964111328125,202.38968745654984,194.88087783521686,201.14650755816808,21433500
2020-02-26,196.12403869628906,200.11216913552204,194.4233772586822,196.11409872125975,16524500
2020-02-27,188.71470642089844,194.8112654291653,188.4660704440593,190.77341959338355,21682600
2020-02-28,191.4198455810547,191.68837665505532,180.82796022658562,181.70314844747796,32568900
2020-03-02,195.36819458007812,195.4974901355964,187.81961046801368,192.9713402808214,24949000
2020-03-03,184.87576293945312,196.16384215105458,182.96624049342807,195.14940313501347,27984100
2020-03-04,190.71371459960938,190.7833399502216,185.37301922248218,188.13784978657145,23062500
2020-03-05,184.15968322753906,187.95884802589453,182.8866683112032,185.7608994360523,19333400
2020-03-06,180.10195922851562,182.77728486672916,175.29831015655276,177.35702340548096,24559600
2020-03-09,168.5751953125,174.04518690081122,164.28871342320008,168.67465577522916,29949000
2020-03-10,177.21775817871094,177.31720345116196,168.5751703223022,173.7169598320128,24517800
2020-03-11,169.3111572265625,174.92038415681438,166.7452321703626,173.06057676392174,20373900
2020-03-12,153.627197265625,165.69101961455024,153.4979017026063,158.66952694139204,43266300
2020-03-13,169.35092163085938,169.85813351938708,156.74011318999635,162.6377507992697,35028600
2020-03-16,145.21334838867188,158.26177458733514,142.31923719275258,151.48893310246143,39120400
2020-03-17,148.604736328125,153.10007866075966,139.2361353291827,149.91754145977094,34255600
2020-03-18,146.15817260742188,147.37150215732615,136.35196952304855,138.9875046866056,37553100
2020-03-19,152.2945098876953,159.05739616177996,144.00995750885275,145.82001948734106,39862300
2020-03-20,148.91307067871094,158.40102905219914,147.1925137869731,155.16876101295819,32568400
2020-03-23,147.29196166992188,151.47898310460462,141.47387362632267,148.84344776807205,29830800
2020-03-24,160.10165405273438,160.42985532242324,151.73755236512602,154.36314734710314,30440400
2020-03-25,155.3577117919922,162.10071832827293,152.22488935134336,158.0529173059896,35184300
2020-03-26,162.4488067626953,163.1052094183369,156.16329682760912,157.38658164909643,26556800
2020-03-27,155.93453979492188,159.21653787664005,153.90567680698024,157.33685041151162,24879900
2020-03-30,165.04454040527344,165.84017847956255,157.19759043835927,158.3114746370436,22515200
2020-03-31,165.8899383544922,169.9973946590424,163.3041179447667,164.57713302094444,23676300
2020-04-01,158.7292022705078,163.2543645831587,157.17770113914608,160.7381698925226,19507600
2020-04-02,157.326904296875,160.46966670950346,155.0692853613216,158.23194290139438,20886300
2020-04-03,153.33876037597656,157.04841978707194,150.00704765186555,156.29255676417222,25983300
2020-04-06,164.646728515625,165.2931759130184,157.64513169124413,159.276182910185,28453600
2020-04-07,167.90884399414062,172.44396162948703,165.1042229864455,170.8526853615775,31411900
2020-04-08,173.3291015625,174.04517435101553,166.82479143827453,170.31563490063664,21664200
2020-04-09,174.234130859375,176.1138180355327,170.63388715728763,174.94024845951884,23534300
2020-04-13,173.83631896972656,174.04517986279745,168.52545826632738,172.72243467477597,19355400
2020-04-14,177.1978759765625,180.2411777302176,175.65632997358034,178.00345406717298,21011800
2020-04-15,176.0044403076172,177.21778511489146,171.87708907298708,174.23415332825687,17423000
2020-04-16,175.2883758544922,177.07855804726245,171.56877591926605,176.9790975793998,23593200
2020-04-17,178.26205444335938,179.29637342412065,175.69612935534113,178.22226418898262,20974800
2020-04-20,177.26751708984375,179.51518092802098,175.80553628597156,176.44204379969213,16110700
2020-04-21,169.86810302734375,174.42311596061205,167.42151832914254,174.2938203960156,24850500
2020-04-22,181.2854461669922,183.77180571522888,177.16803536213357,177.47634151802941,33242000
2020-04-23,184.11993408203125,186.02945672547094,182.15072605162473,183.07565985539816,21426600
2020-04-24,189.032958984375,189.37110025505788,179.84336824360523,182.2302674402944,28792000
2020-04-27,186.4769744873047,192.6928736368815,186.3874691816792,191.60882446732373,29197800
2020-04-28,181.9120330810547,188.16770769609835,181.56393663686606,187.63066065348826,21731000
2020-04-29,193.1304931640625,195.8356539373096,188.96335156205555,189.88827015649653,45954500
2020-04-30,203.59307861328125,208.54590274692427,200.4702115251281,205.79101202782752,46230100
2020-05-01,201.16639709472656,206.14905652576596,197.96396455145666,200.50005450877774,30415600
2020-05-04,204.1400604248047,204.7865230175423,197.67552555063543,199.10767108930614,19250700
2020-05-05,205.94020080566406,209.2321384971316,205.37330353103118,205.89047057841884,21071200
2020-05-06,207.33255004882812,210.4454770417712,205.53242817417959,206.9844536438316,21857000
2020-05-07,210.10733032226562,210.44548676794645,207.89944173984398,210.0078850416236,15152000
2020-05-08,211.19139099121094,212.04669930264512,209.69957522770025,211.0819905615321,12506000
2020-05-11,212.016845703125,213.82692275207353,209.22217997803227,209.7393470170939,12911900
2020-05-12,208.9536895751953,214.105419942322,208.85422911016641,212.12627202232306,14704600
2020-05-13,203.98097229003906,209.62997469924133,201.00728038609859,208.28733428286992,20684600
2020-05-14,205.68161010742188,205.80095051262236,199.5950066336413,201.45479876717766,17178900
2020-05-15,209.72943115234375,210.18691286694295,203.00630439826062,204.150039035831,19383200
2020-05-18,212.02682495117188,213.46891062875508,209.78910108665224,210.99249075549363,20151900
2020-05-19,215.69667053222656,219.28697436264596,211.66876498887535,212.1063667018072,31843200
2020-05-20,228.71527099609375,230.07779133712793,221.97226429987748,222.2805704930572,50162900
2020-05-21,230.12750244140625,235.9057998219181,229.93853668050937,233.43933530595228,47782600
2020-05-22,233.6282958984375,234.70240506119345,227.49196225816996,230.2468377544575,33925600
2020-05-26,230.93307495117188,239.5856032618041,230.40596793380755,238.46177905005436,33178300
2020-05-27,227.88980102539062,229.3020516190859,219.92350941659447,227.8201908398856,34697600
2020-05-28,224.2298583984375,230.3661920032574,222.77781773063654,223.07618391448983,29377200
2020-05-29,223.86187744140625,226.2487918494973,221.6639439734053,223.9712778748046,23241500
2020-06-01,230.64468383789062,231.1717909007817,222.28056583913073,223.36461506843236,18223800
2020-06-02,231.4502410888672,231.72871214693234,225.32384746036507,229.67995428736688,20919000
2020-06-03,228.9042205810547,231.3806251030619,227.28310921806016,230.84357809092032,15380300
2020-06-04,225.0553436279297,230.3662198510257,223.384517077229,228.30750659155197,17041500
2020-06-05,229.51089477539062,230.08773204519264,224.08067852900282,225.47304906231173,16750400
2020-06-08,230.13746643066406,230.28665713008766,226.16924573990238,227.780402100029,15466500
2020-06-09,237.36778259277344,238.46178691519856,229.1528557257264,230.25680002361537,27462900
2020-06-10,235.43836975097656,239.8939372841316,233.99628415219615,239.6453013127717,20720700
2020-06-11,223.20547485351562,231.6193227234863,222.33028656181494,228.68542132377434,26708200
2020-06-12,227.3328399658203,230.39603691106794,223.27509914908453,228.64562998490635,22091400
2020-06-15,231.23146057128906,232.49453559431237,223.5734754498417,223.8618865083723,15340300
2020-06-16,234.3642578125,237.15893884558685,231.72872261689955,235.84613364779216,15236700
2020-06-17,234.2449188232422,236.29367678778937,230.46564904444352,233.71781178092803,19578100
2020-06-18,234.6526641845703,234.85156990741595,230.88333472307272,233.70785061940305,15782500
2020-06-19,237.48712158203125,239.51599955413167,234.26480918892523,236.49257772232494,30081300
2020-06-22,237.914794921875,239.38671565678817,235.6174009221324,237.2583923003669,18917800
2020-06-23,240.91830444335938,243.85220572624903,238.55128525605886,239.96353568297948,24017900
2020-06-24,232.74317932128906,241.89298062198077,231.41047889549333,239.883997594753,20834900
2020-06-25,234.39407348632812,236.00524474785152,231.47012748689306,233.33985949546914,18704300
2020-06-26,214.9010467529297,231.81823295157986,214.22474901273569,231.37069123372817,76343900
2020-06-29,219.4361572265625,219.54555765846467,205.97997998026997,208.60557517038717,58514300
2020-06-30,225.8311004638672,226.25874707518045,217.27801648223928,219.3864447856254,33927100
2020-07-01,236.25390625,237.69599186848833,226.3184072354842,227.25328092865934,43399700
2020-07-02,232.14642333984375,238.69052368527932,231.3408452504915,237.69597983659065,30633600
2020-07-06,238.96902465820312,239.08836507881128,231.00273289633935,232.48459370401272,26206200
2020-07-07,239.5458221435547,246.2987679209948,237.5169594529639,238.10373665741278,27887800
2020-07-08,242.25100708007812,245.64240545056384,235.2991396957074,236.81085068594328,29791300
2020-07-09,243.1659698486328,245.18489263783226,237.93467469258684,243.66324177061367,22174900
2020-07-10,243.7328643798828,244.1505709685798,238.01423734148625,242.3603890344966,22982700
2020-07-13,237.69598388671875,248.7851419183328,237.11914662358635,245.6622747872609,24674900
2020-07-14,238.4219970703125,239.01872946093565,230.76401232683585,235.46820057024456,23378100
2020-07-15,238.96902465820312,243.4842627946758,236.75119584719397,240.23209975327381,19133600
2020-07-16,239.61546325683594,240.4409365449202,235.0405702557822,236.7014568081194,18880700
2020-07-17,240.70945739746094,242.82784074738308,236.5622111814638,239.68507840091067,18152400
2020-07-20,244.08096313476562,244.7075306505498,234.3543249662479,238.75020720151468,20872200
2020-07-21,240.43096923828125,245.5628190076878,238.77008287474172,244.8765813416523,19364200
2020-07-22,238.56121826171875,240.5801409770099,236.8207665984999,238.9490897396433,15427900
2020-07-23,231.33090209960938,241.09731466838585,230.48553376961488,238.32254404587036,21771800
2020-07-24,229.45123291015625,232.2160637750329,225.66200785310787,228.93406582610044,18325800
2020-07-27,232.2259979248047,233.66808352777457,229.5705675640307,230.19713506984925,13163100
2020-07-28,228.8644256591797,233.6780294213985,228.57601462022583,233.349828130188,14170100
2020-07-29,232.01710510253906,232.4248716827686,229.05336897231626,229.878842107098,13588300
2020-07-30,233.22055053710938,233.6084220610452,227.75055894668677,228.96390374987794,20615300
2020-07-31,252.28594970703125,254.45406330387704,247.64143150745372,254.42422820087077,53005100
2020-08-03,250.58526611328125,254.0064840868199,248.9641548398982,251.27148859765842,23124900
2020-08-04,248.46690368652344,251.42070027558296,246.0799892276533,250.18746037972326,17183500
2020-08-05,247.76077270507812,250.89359511048758,246.4181475389332,248.82494196746038,13050100
2020-08-06,263.8326110839844,265.1454163486148,247.31323589060048,247.68121228650327,45241600
2020-08-07,266.9753723144531,277.36836841894285,261.9926975628809,262.63914504067037,72766400
2020-08-10,261.5650329589844,272.36576461835904,258.2730952384226,266.57754246912145,30248800
2020-08-11,254.7325439453125,264.4691376061579,253.73800000633955,258.77038990945687,28238300
2020-08-12,258.4720764160156,262.460177551913,256.70175881044315,257.55708250476897,21415700
2020-08-13,259.8742980957031,263.7132531722184,258.1537566451161,260.1229340603378,17374000
2020-08-14,259.81463623046875,261.2169467581407,257.26860629898624,260.87880547751405,14792700
2020-08-17,259.7350769042969,262.6590382670998,257.9846700065455,261.06776202833214,13351100
2020-08-18,260.90863037109375,263.7032961658379,257.8454486628186,259.52623020000823,18690400
2020-08-19,261.15728759765625,266.448268602907,259.92406283367757,259.9638530892785,23291500
2020-08-20,267.5422668457031,268.15887921351106,260.03344211724726,260.07323237193305,20299700
2020-08-21,265.55316162109375,269.0141547751234,264.9663843949918,267.22398799552667,15538600
2020-08-24,269.90924072265625,275.73725248254004,267.3035106235973,269.59097944094526,23685600
2020-08-25,279.287841796875,281.54544565698416,268.78546001994255,270.92372346116633,42127200
2020-08-26,302.2518005371094,303.0076635140364,282.45043045037903,282.45043045037903,69015200
2020-08-27,291.6201477050781,299.5864536229766,290.4266829495857,298.52228442362065,30301300
2020-08-28,292.0577697753906,295.6082988368587,289.3923993669517,293.3904549796101,17157400
2020-08-31,291.60028076171875,295.2601949935816,289.9592590619496,292.3461886794062,17345100
2020-09-01,293.8280334472656,299.84501151691796,291.11291784757185,293.1020055203256,17295900
2020-09-02,300.8495178222656,301.94352213910605,291.45106619945614,297.2492739031753,24341400
2020-09-03,289.5315856933594,295.97624043247043,282.08246235673175,294.37500913471604,32294100
2020-09-04,281.1874084472656,287.42318778882435,269.6606482607697,285.6827359596533,30333700
2020-09-08,269.6805419921875,277.77611398868805,267.9500452259606,269.7998824104,24864000
2020-09-09,272.2265930175781,276.9606323111907,269.8695285234126,274.2653961379885,22918800
2020-09-10,266.62725830078125,277.63686605394025,265.57304424313634,274.0067870553653,24814700
2020-09-11,265.1553649902344,269.9093145139388,261.2070543918914,268.5865539787858,18913900
2020-09-14,264.69781494140625,275.130599594454,264.2502884612508,269.4716431871986,24093800
2020-09-15,270.93365478515625,273.0221726341159,267.8306524116736,269.1932030103097,18478500
2020-09-16,262.0821838378906,270.9535283144671,260.36164240593354,265.831633568667,29183400
2020-09-17,253.4296875,260.0732335625804,248.82494432109527,256.8708009448224,31281400
2020-09-18,251.15216064453125,257.7857815687826,248.68569611211348,256.99012826731234,28130800
2020-09-21,246.79603576660156,248.5862176262349,242.79798065154333,246.189363446824,24709400
2020-09-22,253.3600616455078,253.92695895974708,246.86569111256276,251.9279159837831,30293100
2020-09-23,247.6613311767578,256.5823761765556,246.796067647101,253.86727552444327,19641300
2020-09-24,248.1685028076172,250.86372306998675,244.2798330703315,245.15503643385227,20006800
2020-09-25,253.4296875,254.35460605594625,245.26447528720485,248.03924613057941,18351300
2020-09-28,255.4187469482422,258.1835775084611,253.4296593408597,257.98465660729556,18826300
2020-09-29,260.3616638183594,261.8932396171131,255.49832943428618,256.4033680523163,20200200
2020-09-30,260.4710388183594,264.6282249958597,258.68087195611713,260.55061932618884,20142500
2020-10-01,265.1752014160156,266.86590755804343,263.35516938095884,263.90218664687336,20009800
2020-10-02,258.521728515625,263.7032934300981,257.76586548395323,259.7847882675934,16367600
2020-10-05,263.2060546875,263.42485557419246,259.4168446028827,260.7694401800014,12822300
2020-10-06,257.24871826171875,264.2403603778226,256.83099648638574,260.35169024623855,18696900
2020-10-07,256.7116394042969,258.760397193074,253.4296570225656,257.79568849827564,23133400
2020-10-08,262.3209228515625,263.17621608294036,257.7360594439978,258.3327918862306,16312800
2020-10-09,263.0071716308594,263.30552268894417,260.739612536193,263.07676664369643,14107800
2020-10-12,274.2454833984375,278.65130563894945,266.4084725252953,268.72577683401994,31019300
2020-10-13,274.63336181640625,277.577203205315,271.8983661441686,276.065477081793,18063300
2020-10-14,270.3369445800781,277.2291268898904,270.0186832308708,276.1052873668647,15577800
2020-10-15,265.2647399902344,267.57208903349226,262.2313933526653,266.1399434446474,15416100
2020-10-16,264.4790954589844,269.8894175912153,263.85252784295716,265.9211964911446,16622700
2020-10-19,259.9737548828125,267.0847373007935,258.4620591655533,264.0812258167801,13587000
2020-10-20,266.10015869140625,268.22849716781263,261.44570060700113,261.62471122153886,18763200
2020-10-21,277.2092590332031,281.5056660306836,274.8621194192232,278.0347171957135,28998600
2020-10-22,276.6025390625,280.90893105970304,273.5393572664263,278.34299085258226,16720000
2020-10-23,283.2361755371094,283.6837020968845,275.309659166989,277.2788367321439,17535200
2020-10-26,275.5980529785156,283.6737751587825,272.76362706808084,281.61506194611286,21322900
2020-10-27,281.7443542480469,282.9576990386886,274.80242679325124,277.23907152603005,16287200
2020-10-28,266.2095642089844,277.2688869035369,265.8017975906153,277.2688869035369,23121800
2020-10-29,279.2977600097656,282.0526661353704,272.2862374059796,275.04111318051207,32368100
2020-10-30,261.6744079589844,275.19028508086484,257.68630790927165,273.002276552765,47247800
2020-11-02,259.9339904785156,268.99430158544754,255.93593475243364,263.156333493861,27165700
2020-11-03,263.85247802734375,268.5765614359262,259.45661109427283,261.7241699163496,17961900
2020-11-04,285.8120422363281,287.36352835411554,277.09982761254304,279.46684704511097,35364400
2020-11-05,293.07220458984375,295.7574854015776,287.3734871676503,290.3073736163951,23823600
2020-11-06,291.80914306640625,292.99265279115843,286.48832688092676,292.34620529596697,13891000
2020-11-09,277.2489929199219,290.98364179261284,277.01031209553867,288.2884363137147,25117700
2020-11-10,270.943603515625,272.5050448157979,262.5596052239804,271.60996132274886,29067700
2020-11-11,274.9714660644531,276.88097306187024,270.9932910769232,271.9778796739956,14957000
2020-11-12,273.5791015625,278.2236345718425,272.93265414756024,275.6676496616713,12899500
2020-11-13,275.4389343261719,276.24451242515056,271.60993439275114,276.20472217242803,10391200
2020-11-16,277.43798828125,277.88554522577647,273.13162607630403,273.54931756352585,12970400
2020-11-17,273.49957275390625,276.1649431241236,271.7989111816274,276.1649431241236,15040300
2020-11-18,270.48614501953125,275.87658709564937,270.35684943756326,273.02222019279003,12152900
2020-11-19,271.4507751464844,271.9778821230358,267.7212360620922,269.5412377808062,12963700
2020-11-20,268.22845458984375,271.51043673967723,267.94002841149216,271.07283507289065,18114700
2020-11-23,266.9654235839844,269.47169374736603,263.0867082728848,269.41202353881624,20990800
2020-11-24,275.4090881347656,276.30417150302605,266.4084483483564,267.02506066091206,16930400
2020-11-25,274.0863342285156,278.6512868287265,271.16237290010827,276.62243924045686,12467000
2020-11-27,276.2942199707031,277.607025115247,273.3205436207279,275.87652855721046,7808400
2020-11-30,275.4588317871094,276.18485977786446,269.5313584996007,274.5239580706578,16693300
2020-12-01,284.986572265625,287.7215682771994,277.4379869158085,277.63690785708,20738900
2020-12-02,285.95123291015625,290.18799936548555,279.2977322166754,283.8030145814429,17361600
2020-12-03,280.31219482421875,285.0859932426668,279.5364518224442,284.6881817663078,12921700
2020-12-04,278.1739196777344,281.9133838167704,277.77607786733006,278.77062169120313,10880300
2020-12-07,284.0218200683594,286.91594632152646,276.6821119311391,277.66670063286153,13007700
2020-12-08,281.8537292480469,284.8671959874774,280.0138170016197,284.44950455488254,10747700
2020-12-09,276.4036560058594,286.06066884515644,270.2673067447995,282.1123283200672,25189700
2020-12-10,275.60797119140625,277.20920248145507,270.3766611253901,274.0366053521869,20065100
2020-12-11,272.0574645996094,274.9715012173214,268.775481955749,273.032128522541,14391400
2020-12-14,272.6940002441406,275.7074671120214,270.0783448746163,271.8784669443133,16376900
2020-12-15,274.04656982421875,274.57367689702494,266.01066816408576,273.3304969752111,23979500
2020-12-16,274.16595458984375,276.34397800107956,271.02319194490804,273.26091591842555,15885000
2020-12-17,272.9824523925781,278.90992622864945,272.1171736038995,275.5583177514599,16377800
2020-12-18,274.89190673828125,276.48318292605506,269.6606268655295,274.265339273321,26693200
2020-12-21,271.3016357421875,273.1713831080495,266.3289163015209,271.4906015090185,16553700
2020-12-22,265.6327209472656,270.0186630949137,263.1861515037109,270.0186630949137,17312900
2020-12-23,266.6471252441406,270.68500101927134,264.7774083838562,265.4338109379099,14329000
2020-12-24,265.9410400390625,268.9246718203932,264.7476055371734,267.41297597757153,6702000
2020-12-28,275.4886169433594,275.78696792597617,264.21049453444874,267.27367590989127,23299700
2020-12-29,275.2698669433594,278.9795267180259,274.7725949797829,275.4389527654471,16383000
2020-12-30,270.3865966796875,276.5627046912566,270.2274660421363,276.4334395023704,11803800
2020-12-31,271.6695861816406,275.5781360045021,268.33785840434194,270.5159117394472,12900400
2021-01-04,267.4726257324219,273.4995590417658,263.75304144179614,273.28075818048956,15106100
2021-01-05,269.4915466308594,270.9137370435657,266.74659590899427,266.8261764131156,9871600
2021-01-06,261.8733825683594,266.2891604299048,258.591399454191,260.5705323347715,24354100
2021-01-07,267.273681640625,270.1280173894368,263.33529683030673,264.4491809907146,15789800
2021-01-08,266.110107421875,267.4825828023573,261.74404531587913,266.846060164598,18528300
2021-01-11,255.43865966796875,262.03249078853037,254.50378594447926,259.05881414634456,30412300
2021-01-12,249.72000122070312,258.3029191437673,248.93431828926543,255.22978241779586,26383500
2021-01-13,250.2670135498047,252.56440741285832,247.8403241302128,250.17750824552502,19528900
2021-01-14,244.2997589111328,253.63852536922892,243.27537992527456,252.01741398311708,29739400
2021-01-15,249.98855590820312,252.47491566414263,245.8114745533319,246.54742732874718,24942900
2021-01-19,259.6754150390625,260.76941938528483,251.34113240748349,255.49831857205754,28028500
2021-01-20,266.0205993652344,268.8451002511692,262.16176437917414,267.4626697340615,25199900
2021-01-21,271.3811340332031,272.10716185916965,266.03048408147504,267.79084585172114,20838700
2021-01-22,273.0022888183594,276.95062914573145,270.5159291752049,270.52588432611986,21954000
2021-01-25,276.4931945800781,278.5717879537887,270.0286584064143,276.6224901597234,19087000
2021-01-26,280.5110778808594,283.83288101479985,276.29422171236394,276.6224381761034,19373600
2021-01-27,270.6551818847656,281.9034705654726,266.65709612432954,280.9884768555562,35346200
2021-01-28,263.55413818359375,285.22525864800895,263.25578714872023,275.66767581660514,37758800
2021-01-29,256.9205017089844,265.1056085939196,253.4595085047804,263.8524736193934,30389500
2021-02-01,260.5804138183594,262.7286319289007,253.5191472269724,258.1039792785467,22914300
2021-02-02,265.6227722167969,267.3831343495143,261.8335623750513,262.5595903505122,17320800
2021-02-03,265.19512939453125,267.7312345934927,262.4004634158818,264.1707503740769,14223400
2021-02-04,265.03594970703125,266.6968510956868,262.5595455240884,265.5531318728974,16060000
2021-02-05,266.63720703125,267.70137621415745,264.22047280735546,265.34428184093923,12454400
2021-02-08,265.1255187988281,268.3876218141453,263.5541526769623,267.2836925733344,13755200
2021-02-09,267.9798583984375,271.89836368143705,264.3000339323288,264.9862716319603,14613400
2021-02-10,270.3865966796875,272.3060587777255,266.25924630610837,270.96344903469384,14687200
2021-02-11,268.9147033691406,272.08727005865944,267.02504593350614,270.4065190176518,12828600
2021-02-12,269.0240783691406,269.7003608197869,266.87586027497076,269.04395831731284,9097600
2021-02-16,272.4751892089844,275.0908444809921,268.5765638278674,269.3224717411287,15417200
2021-02-17,272.0773620605469,272.475173521168,268.1091115517414,269.7600579468347,12763200
2021-02-18,267.9201965332031,270.4662264961847,264.5785132373703,268.09920715144295,15249100
2021-02-19,260.13287353515625,268.79534152271066,258.7305631369944,268.38757492315426,25622600
2021-02-22,258.9095764160156,261.6346470911234,256.1248658915278,256.5425876457352,17434900
2021-02-23,264.409423828125,266.000700121143,253.56891668102358,258.0841392609938,21924600
2021-02-24,262.86785888671875,264.92657175503007,256.9801768216703,260.8986513147166,15736100
2021-02-25,253.30038452148438,265.48354711382854,252.6539218908551,260.86884891850013,19053100
2021-02-26,256.2143859863281,264.101111562024,255.07066661026906,255.07066661026906,26619500
2021-03-01,263.4646301269531,265.1951268133253,256.4928676243848,259.39694918819407,22157300
2021-03-02,257.5868225097656,265.25474606378503,257.2387261388636,264.3298276919246,15191700
2021-03-03,254.01644897460938,259.565990316334,253.70814280846187,258.8698278303205,15513500
2021-03-04,256.2342834472656,265.0359719422878,252.11685747851192,255.07065382751,31626500
2021-03-05,262.8380432128906,264.00167285304104,254.21534999391574,259.2477545409723,26820100
2021-03-08,253.91697692871094,264.1309308998795,253.65840100209175,264.1010957997132,18391800
2021-03-09,264.2900695800781,267.0648553841119,258.39243190985275,259.75495211061934,22039700
2021-03-10,263.4546813964844,267.50248248213643,261.43575842948763,267.1742963391978,14210300
2021-03-11,272.38568115234375,276.3837366006868,266.35874770210745,266.6471435728869,21834000
2021-03-12,266.9355773925781,268.26826257995833,262.57947024293793,267.6715605192442,20600200
2021-03-15,272.25640869140625,274.4543423418109,267.0350529082834,267.6118750498515,16844800
2021-03-16,277.7562255859375,280.60063698811655,273.30065788475963,274.5736728920859,22437700
2021-03-17,282.4604187011719,284.66830734155604,273.9073352135994,274.20568623889295,21315000
2021-03-18,277.0998229980469,283.6339838570734,276.7616817063214,278.3430029019223,18728300
2021-03-19,288.5271301269531,291.2024557746136,279.6657702610233,279.6856502135931,38930500
2021-03-22,291.9384460449219,298.07476535568145,285.1854839766085,288.86530881351024,28273100
2021-03-23,289.0442810058594,296.3740642487256,288.2287477729989,291.5505205556717,23000900
2021-03-24,280.6006774902344,290.1283962928107,279.626013378679,289.41232335088915,18675000
2021-03-25,277.2191162109375,286.48827128024396,276.23452760705567,279.446914858087,24505600
2021-03-26,281.4757995605469,282.9477354375389,276.25444416143586,276.7815512067319,17629200
2021-03-29,289.2332458496094,291.58035473551547,283.146642425676,284.21078126404507,21718800
2021-03-30,286.42864990234375,290.8742624534126,285.1357549425189,288.24865192745995,17474500
2021-03-31,292.92303466796875,294.8822875055732,287.0353210030985,288.40779653973465,19498200
2021-04-01,297.030517578125,300.7501024620466,294.9817593462359,296.77192642326,17616000
2021-04-05,307.2245788574219,309.0744160577082,299.03947112607017,299.24834721080424,28237000
2021-04-06,304.5890197753906,309.651244505302,303.5845207397159,307.1549296428965,17335200
2021-04-07,311.3817138671875,312.53538831423054,303.8331300875018,304.6685432351396,22855200
2021-04-08,311.3121032714844,314.1565144492418,308.35830683934796,313.13213550347433,20894100
2021-04-09,310.75518798828125,313.0227469355051,308.6368045604,309.700973850164,15988600
2021-04-12,309.8401794433594,310.44683658402226,306.2498605950288,309.352832349722,10881900
2021-04-13,308.0699462890625,312.7144495785324,307.63234451924836,310.50656077667855,14036900
2021-04-14,301.16778564453125,306.34935077167574,300.3025373233251,305.6233228113989,17421400
2021-04-15,306.1404724121094,308.447821256682,302.44076835135235,304.66853669724736,14558300
2021-04-16,304.5094909667969,307.2643974192319,302.94804951879786,306.48865427167124,13059200
2021-04-19,300.5909423828125,306.0211739974936,298.9201158941744,303.34584844495055,14553500
2021-04-20,300.9986877441406,303.43533229773595,295.58836681498093,300.3422851662202,16796400
2021-04-21,299.8251647949219,300.33239192003003,295.7674388472742,300.302556815675,14863500
2021-04-22,294.90216064453125,301.26726619496264,294.42479897399977,299.6859146081091,16375400
2021-04-23,299.4870300292969,300.93905572470925,295.52873410909046,297.1299656806059,17536800
2021-04-26,301.3865966796875,304.1315172479962,299.91466075822365,301.6849477139368,16172600
2021-04-27,301.91363525390625,303.67396665880165,299.4670359237692,302.6197527754996,15309300
2021-04-28,305.4244079589844,309.2235725705449,303.7038362534804,305.68296870902736,33907200
2021-04-29,327.7121276855469,329.99956621835713,319.855207614009,328.3187848173279,56526800
2021-04-30,323.30633544921875,328.0204944333694,322.7295133099473,324.36057996421977,26332400
2021-05-03,320.8199768066406,326.75740545345013,320.0840239896293,324.3904163269135,18719500
2021-05-04,316.6229553222656,320.4320751417114,311.4115554284143,318.2739017022337,24032600
2021-05-05,313.30120849609375,319.3082621512465,312.7741014430618,316.45392601401267,15577600
2021-05-06,318.27392578125,318.4927266518008,311.56075450202826,312.8039343685508,19012200
2021-05-07,317.33905029296875,321.17800548156515,317.0108641645401,320.6210633326088,15916700
2021-05-10,304.3005676269531,312.8635751743837,303.16677312671277,312.63484952512226,24239200
2021-05-11,304.8575134277344,305.16581958131775,298.05483739691135,299.1090514093709,18920100
2021-05-12,300.8992004394531,303.2960545271852,296.56300424330385,299.48696530627547,24645500
2021-05-13,303.594482421875,307.174816202193,301.1180474575004,304.409985357884,18079200
2021-05-14,314.2162170410156,315.12125567490784,307.39362978208675,307.85114185047576,19245700
2021-05-17,313.7388000488281,313.9576009137946,309.87996498545834,311.83921761913547,15401300
2021-05-18,308.2688293457031,314.7731551736581,308.11965382578785,313.8681165514093,14522400
2021-05-19,311.87896728515625,312.9431363695084,301.9136499526945,302.5302622143367,19106200
2021-05-20,316.87158203125,317.50810462469536,311.45133659207204,311.8690279868363,17320200
2021-05-21,314.504638671875,318.1844330111426,314.08691686579175,317.5479406769587,13600900
2021-05-24,322.8587951660156,324.17160041475233,316.2947992734036,316.47380989339365,16445400
2021-05-25,326.0015563964844,327.3839566472976,323.0278494701461,325.29540836839425,16437000
2021-05-26,325.87225341796875,328.0303966545791,324.04229630935697,326.558491127582,9686900
2021-05-27,330.9344787597656,331.9588577504487,324.97717058248844,326.21039529136925,20477700
2021-05-28,326.9364318847656,331.0538279075431,326.5385900381755,329.19403564391365,12037400
2021-06-01,327.3341979980469,329.6117117444085,324.85779370703636,328.3486217236382,11765900
2021-06-02,327.3541259765625,330.05928665944094,325.33520302820233,328.5774259274586,11654300
2021-06-03,324.2611083984375,325.59379361002675,321.7150783895696,324.00251726671644,12610800
2021-06-04,328.54754638671875,330.6460192105714,323.4057416490604,324.12181439035567,13289400
2021-06-07,334.7435607910156,335.84752026393244,327.1353062925299,327.68232362902614,20136700
2021-06-08,331.8593444824219,336.45413165802444,330.4271990833943,334.86288597116356,14580500
2021-06-09,328.4481506347656,334.96240158792494,328.1995146388271,333.9081873932316,13727900
2021-06-10,330.6460266113281,332.11796237667755,326.7573566716644,328.98515544504045,13240200
2021-06-11,329.45263671875,331.01404764456925,327.1353323318067,330.76541165848096,13587900
2021-06-14,334.93255615234375,334.9823015606414,328.01053873720775,330.0891319570161,12250800
2021-06-15,334.9126281738281,338.0653454074698,333.2020116057869,335.1513089759976,15795200
2021-06-16,329.2735900878906,335.7082905114058,326.92648098803505,334.8629524540792,17232200
2021-06-17,334.6739807128906,336.1359614739627,328.34866566563556,328.68680695275185,17794100
2021-06-18,327.8613586425781,334.31593909571734,327.2049560005699,332.70478277036636,23039500
2021-06-21,330.47698974609375,331.10355723787274,325.8622916391355,329.28352496641276,11337500
2021-06-22,337.1802062988281,338.065364909717,330.7852965128913,330.8748018188682,15345300
2021-06-23,338.731689453125,341.54626557201067,336.3547454115595,337.4984647797305,14817800
2021-06-24,341.3075256347656,343.01814214288345,339.9251255692017,339.98479576765385,12329100
2021-06-25,339.5074462890625,342.2424420140805,337.82666466996574,340.72079106111335,14594400
2021-06-28,353.6996154785156,356.1859752869596,339.9052657663683,340.59150350158455,29156100
2021-06-29,349.9700622558594,354.7935758171797,347.14553091356,354.326138977194,21417300
2021-06-30,345.8128356933594,350.9944310362178,345.27580386385563,350.2485231441706,15107500
2021-07-01,352.4563903808594,352.7348614296555,344.60942526306656,344.9276865619958,17137000
2021-07-02,352.76470947265625,354.4952060285918,350.69604130478314,353.1625209353798,11521300
2021-07-06,350.855224609375,356.83244365104207,347.27486020545564,354.55492943491265,13488500
2021-07-07,348.5776672363281,354.5449303870372,348.09035045802926,353.3216608658266,14218900
2021-07-08,343.7640686035156,346.4294387823738,340.69093181242584,343.84364910647594,14406500
2021-07-09,348.508056640625,348.7964524939026,343.38613171790126,343.43587711924016,13018700
2021-07-12,351.2331237792969,352.25750277179293,347.73234021343285,349.3136613561557,10018600
2021-07-13,350.1689453125,356.53401996968415,346.89688750277224,349.5821680750714,11456000
2021-07-14,345.7332763671875,353.2619804421077,344.83819299069097,352.62545782260054,13894200
2021-07-15,342.58056640625,347.3245600000535,338.3637101904866,347.3245600000535,14781600
2021-07-16,339.2985534667969,344.10218648251487,338.2841297559985,343.02809257408524,11026100
2021-07-19,335.111572265625,337.93607324066693,332.71471787441885,335.72818461461065,14372300
2021-07-20,339.7958679199219,341.57610997514155,332.6749300501138,336.95145662183944,11024300
2021-07-21,344.3409423828125,344.62933825849467,339.3881028781611,339.63673885096557,9279700
2021-07-22,349.27386474609375,349.62196117141843,343.3264814666753,344.7884621721828,12385400
2021-07-23,367.7723693847656,373.28212032009475,355.2411111250132,358.9408153664436,33694300
2021-07-26,370.42779541015625,372.3970031677145,366.2109391809965,367.56350425409687,14925200
2021-07-27,365.80316162109375,371.11402200121233,362.5609390412377,369.88079737130977,15705400
2021-07-28,371.2433166503906,375.4900078438117,364.92795731067633,372.5163315284677,29676900
2021-07-29,356.36492919921875,363.52562609738555,354.7935330537441,359.03029920546305,33413200
2021-07-30,354.3559875488281,358.76184019359226,351.01433453677595,352.0685486668452,15976200
2021-08-02,350.0297546386719,357.43908884062074,348.8263346088208,356.14619384865114,13180400
2021-08-03,349.3236083984375,351.83980338591,345.80294465699467,350.80549952738755,12406100
2021-08-04,356.9617004394531,358.5131864540638,349.59212669451705,350.4971652615517,14180600
2021-08-05,360.98956298828125,361.91448143466397,354.95267485996175,357.6777455007857,10247200
2021-08-06,361.52667236328125,363.1577086198631,359.4281688962214,359.4281688962214,8925000
2021-08-09,359.63702392578125,363.78428556022675,358.7817306955486,361.7753177035083,7798900
2021-08-10,359.1596374511719,362.1134339987709,357.08104437709414,359.85579995887605,7469900
2021-08-11,357.9959716796875,360.38287068900274,355.8577086161565,360.12430994411307,8400300
2021-08-12,360.6712646484375,361.01936101163693,355.16148408401136,356.49419934323936,7170700
2021-08-13,361.19842529296875,362.6703611056754,359.50771897202475,360.98957958442526,7195700
2021-08-16,364.55999755859375,364.94788423534294,355.4300921413073,360.54203183652123,11222100
2021-08-17,356.4942626953125,362.6803267868874,353.13269955520906,360.9995452168357,12328700
2021-08-18,353.5106201171875,357.89653174325144,353.21223875450477,354.30624304886953,10042400
2021-08-19,353.18243408203125,355.619078840726,349.0849179638127,349.4330144080651,12004500
2021-08-20,357.40924072265625,358.02585309179267,351.3823070453139,352.6652771898189,8697700
2021-08-23,361.3675231933594,363.6947522196447,357.1407117229497,357.478852998454,10942000
2021-08-24,363.5157165527344,365.9523306688668,359.8657274271384,361.675804439855,9235100
2021-08-25,366.3800354003906,368.8365296528542,363.4063285533309,363.60524947023623,9684500
2021-08-26,362.3918762207031,367.4242654417327,362.1432402696599,366.37005143739486,7888700
2021-08-27,370.5968933105469,371.700822456131,362.0935248696897,363.10797905868134,11219100
2021-08-30,378.58306884765625,379.40852689580356,368.4983795531824,370.5272575229769,13547300
2021-08-31,377.31005859375,380.67162173352347,376.73320615203545,377.8769558844131,12345400
2021-09-01,379.9654541015625,382.2330127959918,376.7431418387074,377.5188848038788,11567200
2021-09-02,373.232421875,379.6671219202785,372.0190771410024,379.4184859530746,14832900
2021-09-03,374.20709228515625,375.10217571240537,371.0742547631782,372.7053213048475,7509600
2021-09-07,380.0947570800781,380.870500060405,371.11402742853414,373.8291430352128,10793800
2021-09-08,375.5099182128906,378.7919006855534,372.74508760136035,378.08578307012715,11067200
2021-09-09,375.93756103515625,377.7575628571262,374.51537066787756,375.5795398312547,9098900
2021-09-10,376.6238098144531,381.6959894769733,376.1961632468094,379.27922487500285,11549600
2021-09-13,374.4557189941406,379.66711911589726,372.3075006112386,379.5974937613376,13026300
2021-09-14,374.4756164550781,376.52437447741704,373.0633507512849,375.3408647988433,8711600
2021-09-15,371.8798522949219,375.499976151174,365.663953189825,374.9430340194429,17940300
2021-09-16,371.0245361328125,371.5218080710542,367.692808076379,370.75602021254736,11934200
2021-09-17,362.73004150390625,369.38354242272226,359.61711433443367,369.38354242272226,26299000
2021-09-20,353.7592468261719,359.0601520010102,347.89141404195493,357.339580276182,19822800
2021-09-21,355.5295104980469,358.07554006868446,353.2519968133907,356.54393419615405,11751900
2021-09-22,341.3373718261719,347.93120212901175,338.8311323565375,345.3354573587906,43692900
2021-09-23,344.0723876953125,347.76216729429154,341.12854634758054,343.47565530495694,21806300
2021-09-24,351.0342102050781,352.41664080939734,340.5019938334126,341.3672421795075,18801900
2021-09-27,351.65081787109375,353.21225907419273,345.1862825383086,347.90139830446395,15205800
2021-09-28,338.7913513183594,347.6925307819273,337.0708099085149,346.0714194747262,21710300
2021-09-29,337.75701904296875,343.34638092047214,337.03102146421867,341.2777127360052,14452200
2021-09-30,337.53826904296875,340.9296370355727,336.3050139673143,338.59248314967465,16547100
2021-10-01,341.1385498046875,343.1375626214993,336.7923973470681,339.74616391300236,14905300
2021-10-04,324.4500732421875,334.1070861860798,320.9393344262675,333.69931953763825,42885000
2021-10-05,331.1433410644531,333.35122982063115,324.38045442717083,326.78723376028523,35377900
2021-10-06,331.8196105957031,332.5555633011173,324.0223604337802,327.9408654645126,26443000
2021-10-07,327.4237365722656,336.99124381786856,327.1850557540026,335.1612867253541,28307500
2021-10-08,328.24920654296875,331.5809347237402,326.9165213408745,329.70126250959504,15946100
2021-10-11,323.67431640625,328.65696058353615,323.53506569517293,325.8424147704783,14708200
2021-10-12,322.00347900390625,322.61016658699344,315.63840388823604,321.26752620413146,31658700
2021-10-13,322.7692565917969,325.21582586606814,320.8995093728485,325.18599076581125,14761500
2021-10-14,326.7375183105469,328.71665103224,325.3153277653209,326.56843248683583,14302200
2021-10-15,322.98809814453125,327.2745800776437,320.7503742900774,326.886693374357,21596400
2021-10-18,333.5103454589844,334.05736281081386,325.713124979467,327.15522576484267,21585000
2021-10-19,338.13494873046875,340.5914732168246,335.4397434360683,337.7968074687159,18786300
2021-10-20,338.9206237792969,342.10317597482873,337.59789392336336,341.57606899224464,13639500
2021-10-21,340.0146484375,340.4422949988617,335.95689262666303,338.4233722440555,16354400
2021-10-22,322.8388671875,327.83149677950917,319.35796368438537,324.5693941392045,35224500
2021-10-25,326.8966369628906,327.76188529983517,317.9755769646523,318.5523990722583,38409000
2021-10-26,314.08685302734375,328.4082766729666,307.91074496068796,326.4689346095867,65654000
2021-10-27,310.51654052734375,317.5081838952382,310.3574098392531,312.47579349478883,29971800
2021-10-28,315.1908264160156,323.7438785971373,306.42886783838196,311.2822463148365,50806800
2021-10-29,321.8045654296875,324.2212997354835,317.8562250746942,318.4430023124552,37059400
2021-11-01,328.17962646484375,331.63069521606604,324.22133058226905,324.26112083892315,31518900
2021-11-02,326.2899475097656,332.9633588937457,322.03330085591364,329.57196057182244,28353000
2021-11-03,329.81060791015625,330.33771490661394,321.43656616635116,325.7031371872556,20786500
2021-11-04,334.0175476074219,335.4297828334908,330.8349952468989,332.18759062299523,22495300
2021-11-05,339.26873779296875,344.89785944999534,337.7868772151696,338.4532045772252,26872800
2021-11-08,336.7724304199219,342.9087792703864,336.4939593586197,342.54080290556595,18342500
2021-11-09,333.5401611328125,339.44775394159564,332.6450777514055,338.1449039456553,17556700
2021-11-10,325.85235595703125,331.37206208881173,323.73397273693166,330.67586926540287,21872600
2021-11-11,325.9518127441406,330.64606123344623,325.21585995993814,328.02048108238193,12376600
2021-11-12,339.030029296875,339.9947075853744,327.98063258900123,328.378444013849,25414300
2021-11-15,345.6636962890625,351.72046536297535,341.3274991922341,342.46126352400904,25076600
2021-11-16,341.0887451171875,344.7586142960345,339.01015214438587,341.95399339737486,18181100
2021-11-17,338.9107360839844,345.40510696248987,338.24440862392265,342.361804857161,13602800
2021-11-18,336.842041015625,340.59146020372583,333.47052297546645,337.86641991243636,17487200
2021-11-19,343.41595458984375,350.17887049456425,338.04542425593485,340.33289315722004,26488500
2021-11-22,339.1494140625,351.89944338056983,338.6521421286122,347.1455249066453,27116800
2021-11-23,335.4099426269531,339.53729389373456,331.68040286460746,337.08076915622667,17225000
2021-11-24,339.1991271972656,339.9151999920574,330.9941403345167,334.16673768286523,13566200
2021-11-26,331.302490234375,335.90723378011586,330.08914534835054,333.9678608525027,14750700
2021-11-29,336.1856384277344,338.811248619873,333.4804780863194,335.0518742819058,16650900
2021-11-30,322.6897277832031,333.9778079050576,321.66534870885937,333.1722297180044,25390000
2021-12-01,308.90533447265625,328.69675156795597,308.59702829866603,328.48790585194627,30329600
2021-12-02,308.6965026855469,312.88352410113805,305.52390514456016,309.7009714085829,24396200
2021-12-03,305.16583251953125,312.03813419280635,297.86588427329247,312.0182542421115,27471000
2021-12-06,316.1356506347656,318.35349435992003,304.66856118970094,306.4488031901516,21758300
2021-12-07,321.0487060546875,324.75836563706474,319.24858406793527,319.81548136128475,18794000
2021-12-08,328.7564392089844,330.93449284467295,321.3073148825398,323.2267773839781,19937700
2021-12-09,328.0204772949219,334.29604689329693,326.2104001076286,327.7420062161899,16879200
2021-12-10,327.9508361816406,333.20202652192404,324.5892730956167,330.74550198606573,14528000
2021-12-13,332.66497802734375,339.22897381049984,327.7917190076466,329.1443144886279,22948700
2021-12-14,331.9190673828125,333.86839525555865,325.8622987485897,326.26011023347246,20461000
2021-12-15,339.7958679199219,340.24339445822574,322.21233929002034,330.67588712581085,24681300
2021-12-16,333.07275390625,342.58059138671905,331.91907931287415,337.13051011068535,22635000
2021-12-17,331.96881103515625,335.27067365821455,328.9453891340822,330.9841919527616,40012600
2021-12-20,323.67431640625,328.1000184413687,320.7702349354595,327.98067803248574,17901800
2021-12-21,332.3765869140625,334.16675381191203,321.9835909125194,324.62908135565897,16116800
2021-12-22,328.64703369140625,332.68487937195124,326.468980189946,331.97873137210485,16764600
2021-12-23,333.4108581542969,334.8330788736841,326.56839186475736,328.2989187380859,13987700
2021-12-27,344.29119873046875,345.97198034327016,336.1657920944488,337.00120532519674,17795000
2021-12-28,344.33099365234375,350.78557391436567,343.31656979077076,344.7387602974753,16637600
2021-12-29,341.06884765625,347.7820181971321,339.77595287769236,345.0171876921152,10747000
2021-12-30,342.4811096191406,345.3354759968904,341.3473453994496,342.12308839747084,10593300
2021-12-31,334.51483154296875,341.5661438294916,334.4352510380069,341.1484220561163,12870500
2022-01-03,336.69287109375,339.21899052706925,335.35023087541833,336.4541599398024,14537900
2022-01-04,334.69384765625,341.21805302119657,330.05926957577856,338.09520104916146,15998000
2022-01-05,322.40130615234375,333.92806619447765,322.0730896720679,331.20299529734746,20564500
2022-01-06,330.6460266113281,337.3194374299447,320.9591796131852,321.05864006441004,27962800
2022-01-07,329.9797058105469,335.16127066586523,327.0855796234997,330.9245042382811,14722000
2022-01-10,326.2799987792969,326.548514684697,313.70895030796646,323.5350481198207,24942400
2022-01-11,332.54559326171875,332.8041843525052,323.50519409590464,324.9970097407796,16226800
2022-01-12,331.4416809082031,334.5346975988246,328.2292934650969,333.35118803299963,14104900
2022-01-13,324.6986999511719,333.79877046934536,323.98262713673137,333.1523230114227,14797100
2022-01-14,330.0890808105469,330.91456916029665,319.4574051713878,320.03425757139314,16868500
2022-01-18,316.4140930175781,322.4410258102126,315.9068963357481,321.52606254227845,22645600
2022-01-19,317.8462829589844,325.315317397928,317.5876918313398,317.8363278075915,20814700
2022-01-20,314.8327941894531,326.03136749136274,314.25597211923895,322.1327423010926,16925000
2022-01-21,301.515869140625,316.5732470863481,301.38657358533396,313.09234364850283,28710700
2022-01-24,307.025634765625,307.84116803697805,287.43313840822844,296.2149475733403,38878100
2022-01-25,298.5122985839844,304.55914154192595,295.9563138785681,298.3134080458958,25108500
2022-01-26,293.0224609375,305.8321906496855,289.26308637858205,305.33491872204524,28348800
2022-01-27,293.03240966796875,300.06381150392957,292.6544781550715,296.12542642160906,21629900
2022-01-28,300.06378173828125,300.2527474759849,291.4311494041834,294.0070140352739,21871600
2022-01-31,311.5508117675781,312.0779187865982,297.6868682661031,299.0394333145059,21579500
2022-02-01,317.2594909667969,317.9158935557531,310.4170243618747,312.84371380550573,18023800
2022-02-02,321.2376708984375,326.2103902621904,315.1411121023052,326.0313796493522,58458300
2022-02-03,236.4627227783203,246.6468565103259,234.4636952512473,243.3151287896705,188119900
2022-02-04,235.79640197753906,241.28628837701393,228.85449002935758,233.68797383394778,89342200
2022-02-07,223.68284606933594,236.99978672815564,222.78774755854462,236.4030543876281,88613800
2022-02-08,218.97865295410156,224.53816449083425,214.97064253783918,219.645010673908,94729700
2022-02-09,230.7341766357422,232.09669687435962,220.9975988764952,222.97673145512314,86563300
2022-02-10,226.8256378173828,233.71781985918588,225.46310233543514,227.02454356513454,49310400
2022-02-11,218.35211181640625,229.16279893223552,217.57636880430735,227.2135014263843,46156900
2022-02-14,216.51219177246094,219.79418949229444,213.60812556946402,218.11340796809134,38184000
2022-02-15,219.794189453125,219.943364959463,213.88659659358441,219.26708243001775,42685500
2022-02-16,215.3585205078125,216.27351421238137,211.2013344622757,211.2510646903228,45817500
2022-02-17,206.57669067382812,216.31326738846982,206.0296885717621,212.8522593594037,38747500
2022-02-18,205.03515625,209.60010871220885,204.0604923863059,208.24752851871722,37128400
2022-02-22,200.97744750976562,206.34797888372648,198.96846443890527,201.23602347906976,39852400
2022-02-23,197.36721801757812,205.8109005114447,196.9694065598449,203.04606990625606,44481400
2022-02-24,206.46731567382812,207.2132235842458,189.18213817357778,190.0175513911171,49957200
2022-02-25,209.33160400390625,210.16703244596334,202.07143021505846,203.82183725981028,37627600
2022-02-28,209.87860107421875,211.98702931690107,205.7015196682005,206.5468728902496,34239800
2022-03-01,202.37974548339844,210.59467270764426,201.116670469957,208.72492530275795,27094900
2022-03-02,206.97450256347656,208.00882139695597,200.91773470536523,203.66267002060678,29452100
2022-03-03,201.86256408691406,207.9392275463434,200.32101810234195,207.87955734412708,27263500
2022-03-04,198.9684295654297,204.7666217220041,197.70535469430794,201.26582330801816,32130900
2022-03-07,186.4471435546875,199.79392068605006,186.25817778822918,199.6944602272187,38560600
2022-03-08,189.2517547607422,195.62678489305648,185.09456848353662,186.82508035748194,37508100
2022-03-09,197.41696166992188,198.01369407263957,192.8619488440806,194.67202600359832,31894700
2022-03-10,194.1448974609375,195.209051411464,190.02748682957696,193.77690594394141,24853000
2022-03-11,186.5863800048828,192.50391312145888,185.65150631922032,191.5889345627671,34694500
2022-03-14,185.61172485351562,191.24083154968082,184.80614675758125,186.0095363260276,31010500
2022-03-15,190.9822540283203,191.23088999046473,184.89565053119634,189.75896934371957,31721700
2022-03-16,202.5189666748047,202.61841195332647,193.4586716997248,193.6376823063848,40640300
2022-03-17,206.7060089111328,206.90491466408685,200.01273244202156,200.5995097246736,29499700
2022-03-18,215.30880737304688,215.61711354393609,204.87603673809403,205.57221441034946,52128000
2022-03-21,210.33607482910156,213.53850709595164,206.49713513393226,213.3296462196205,30142300
2022-03-22,215.46792602539062,218.26260708204245,209.03322589300686,210.21673554100374,31998800
2022-03-23,212.29534912109375,215.61712212921574,211.00243900654777,212.16605355697845,23717300
2022-03-24,218.37200927734375,219.46599845135205,213.61807552021898,213.82693641441747,31502300
2022-03-25,220.60972595214844,224.2696400667639,217.69570455578992,219.30686075020924,40039000
2022-03-28,222.3700714111328,222.81761313998632,218.34216550037954,220.9180457863605,26224100
2022-03-29,228.60586547851562,229.6302444994751,224.06079249138395,224.83655070850978,31417900
2022-03-30,226.60682678222656,229.88880941182103,225.47304737778563,227.66104085602697,25588000
2022-03-31,221.14678955078125,227.24334871629463,221.04732908726598,227.2035584606741,24192300
2022-04-01,223.62319946289062,226.03993382837436,221.48492099668766,223.32483326114888,19544800
2022-04-04,232.6138458251953,233.07134264462874,224.62766042651108,224.74700082482684,28054800
2022-04-05,230.5750274658203,235.56764151553008,229.75950945342072,232.80281100735016,29727200
2022-04-06,222.08163452148438,227.74059119568486,220.20194733849564,225.67193826180542,28995100
2022-04-07,221.73355102539062,224.28953603530553,217.3675040776886,222.70819976112213,21037200
2022-04-08,221.116943359375,223.90166926727147,218.82948939304805,221.16667358863901,18375700
2022-04-11,215.2789764404297,219.40632750094295,214.04573655745332,217.22827396049752,20516600
2022-04-12,212.9716339111328,220.81858481409662,211.9671500175342,219.0383578788009,20128800
2022-04-13,213.81700134277344,215.42815762584064,210.1769669786612,210.6642989592781,19231800
2022-04-14,209.03321838378906,213.8169870331476,208.85420777566662,213.7175265782786,18379500
2022-04-18,209.62001037597656,212.21577041740994,207.1634858657661,208.85420736648305,16580800
2022-04-19,216.1243438720703,217.23822824260787,207.85968605555487,209.37139711238183,20089900
2022-04-20,199.32647705078125,212.9915150441562,197.83466127237705,212.444512890301,43036500
2022-04-21,187.0438690185547,201.86256630262926,184.56744937065218,200.50004608528528,49954100
2022-04-22,183.10546875,191.66849190175577,182.27005555849573,189.3313077850696,36426800
2022-04-25,185.96975708007812,186.15870766118786,180.66883662102265,181.732990632681,29281100
2022-04-26,179.96270751953125,186.16866663766132,178.5206219649492,185.61172450697046,31747400
2022-04-27,173.9954376220703,180.22129162428897,168.07790495034547,173.4782705884581,71062900
2022-04-28,204.60751342773438,207.39223939821932,191.8475132992068,201.81284748138737,100890600
2022-04-29,199.37620544433594,211.32067153701624,198.80930816950078,203.34444084157775,49193400
2022-05-02,209.97804260253906,210.72395047119713,199.89336882530347,200.0723794295249,49915300
2022-05-03,210.87313842773438,213.72747451752306,206.95463309822625,209.30175727056672,41556300
2022-05-04,222.1910400390625,223.07618343809847,205.83079711951396,209.5006510938084,41375900
2022-05-05,207.14358520507812,218.9687105944239,205.03515716702722,217.54652021889862,41129200
2022-05-06,202.658203125,208.23759469091388,199.92320755691546,206.20871675301717,34747200
2022-05-09,195.13946533203125,201.46476514421295,194.51289781874493,198.74964937032928,36303200
2022-05-10,196.57159423828125,201.8526350537205,193.13048086930363,198.4214464849374,34452500
2022-05-11,187.710205078125,199.57510550503812,187.2427682711024,195.25878899071404,31153400
2022-05-12,190.19656372070312,196.9694046398967,183.7718040297496,186.0393627029016,38262200
2022-05-13,197.5363006591797,198.79937563637557,190.23635221953052,191.52926229909409,24549800
2022-05-16,198.9485321044922,204.2494523004143,194.86095654049774,195.97485589923053,27112600
2022-05-17,201.5144805908203,204.3389968062403,197.27772903099375,201.0172086397617,24872700
2022-05-18,191.1911163330078,199.9033150480278,190.58444397385063,198.90877119206746,23960000
2022-05-19,190.24630737304688,194.22448321183163,188.56554082861098,190.15680205880298,24446900
2022-05-20,192.4840087890625,196.83017570441515,186.84494701761912,193.9062143765109,31465600
2022-05-23,195.15933227539062,195.91519530149034,190.1965682566139,194.12501336537863,25059200
2022-05-24,180.29090881347656,182.67780799517152,175.149118904387,179.56489604850404,50406300
2022-05-25,182.82699584960938,184.43815201354514,178.34160859633153,179.41570258859892,28030200
2022-05-26,190.58445739746094,191.7779070735657,181.2655704913831,181.88219804487375,23056500
2022-05-27,194.0653533935547,194.26425913571137,188.76443265841135,190.315918692983,22562700
2022-05-31,192.58346557617188,196.52186579857045,190.96235428600684,193.82664535684216,26131100
2022-06-01,187.61074829101562,198.44133003927215,183.99060934126828,195.43780341060554,36623500
2022-06-02,197.7750244140625,199.84367779662074,186.70574461585912,187.42181752426532,31951600
2022-06-03,189.73907470703125,195.5372671802595,188.7445308558882,194.91069969786824,19465000
2022-06-06,193.19015502929688,195.84558545496733,187.37206707016938,192.93157907520472,30574200
2022-06-07,194.58251953125,195.45772307144563,190.44522819472624,190.88281478928758,18828700
2022-06-08,195.56710815429688,200.92769906590598,193.3492795488,193.60785549466925,22267200
2022-06-09,182.99606323242188,198.36176224590696,182.67780192515247,193.21997250766879,23501600
2022-06-10,174.61207580566406,182.10098998699743,174.06507363809263,182.04130460691536,27450800
2022-06-13,163.36375427246094,171.63836572693887,163.1350134544047,169.65921816053267,31749300
2022-06-14,162.83665466308594,165.8401812350533,160.47959067651584,165.1241084738487,27244300
2022-06-15,168.42601013183594,171.22067597309285,163.08529924081037,166.287731710114,30008300
2022-06-16,159.99227905273438,164.1793157247269,158.73915914932567,162.826735356929,26944100
2022-06-17,162.8466339111328,164.9948373370969,159.02757356106395,160.79786060057745,31374200
2022-06-21,156.19313049316406,166.8446877069031,155.1190212053394,165.0246704560505,50724900
2022-06-22,154.9996795654297,159.912713895723,154.59191290672712,157.51587452683046,47267800
2022-06-23,157.8838348388672,158.87837868037187,153.40838755209614,155.41737036108532,40499200
2022-06-24,169.23158264160156,169.32108794464224,160.41992365461232,160.84757021949636,68736000
2022-06-27,168.5652313232422,170.81289481068848,167.0932955973247,170.38524826805332,29174600
2022-06-28,159.80331420898438,170.36538125139006,159.73370402393437,168.97301061949037,27744500
2022-06-29,163.0455322265625,165.42249158183432,159.44528810218935,162.67755583334127,28595200
2022-06-30,160.3701934814453,164.32847369776013,157.62525795853676,161.26527686322095,35250600
2022-07-01,159.15682983398438,159.7436069849474,154.15427615099784,159.43530086073065,31423900
2022-07-05,167.2723388671875,167.332009072352,156.16328546484507,157.27716976267692,28618600
2022-07-06,168.8437042236328,170.65376603815452,164.55722289787468,167.28226318217594,23085900
2022-07-07,171.25051879882812,171.7776258586484,166.86457650059305,168.52546301415413,24083400
2022-07-08,169.94766235351562,171.45935811835196,167.23254664618602,169.05256375997112,19249200
2022-07-11,161.99130249023438,166.57615011403516,161.0265937694072,166.15844353009987,21885600
2022-07-12,162.37916564941406,165.00476059636281,161.2155512590595,163.9008164041495,16639700
2022-07-13,162.59799194335938,164.0798526809243,158.73915665387057,159.28615884833974,16555100
2022-07-14,157.18765258789062,161.70287481903668,156.4218496031786,160.34035465219395,23765200
2022-07-15,163.80136108398438,164.07983213438212,158.94799765167076,159.66405522731205,23342800
2022-07-18,166.3175811767578,170.75325388879352,164.73625993204092,165.84020432799235,23574300
2022-07-19,174.82090759277344,175.5270403665657,168.58511373036453,169.44042200363836,25933700
2022-07-20,182.0910186767578,182.59824572146408,175.7358844723876,176.5215825639572,24784300
2022-07-21,182.17059326171875,182.8468909638626,177.89405171672502,179.64445858660227,27195800
2022-07-22,168.346435546875,174.64189970689227,167.4911272603118,172.1257050729806,42583900
2022-07-25,165.74072265625,169.63934781154686,163.910765657174,168.0779067193062,26166300
2022-07-26,158.28163146972656,165.09426221570857,157.08818200688833,165.03459201889663,28468400
2022-07-27,168.65475463867188,169.93770957916664,161.13600526052383,161.70288738638206,43846600
2022-07-28,159.8430938720703,160.62877686133453,154.0051261429839,160.18123514970122,73214300
2022-07-29,158.23193359375,159.26625252697647,154.32336834755358,156.82962311436086,42065400
2022-08-01,159.05738830566406,164.28869859202598,154.3830353145556,156.39201811114253,40596700
2022-08-02,159.31597900390625,161.3547968962479,157.14786555712988,157.446231742076,27374500
2022-08-03,167.87901306152344,168.61496583389362,160.6884649262481,161.80234923612875,31721900
2022-08-04,169.6393585205078,171.2107245114859,165.88992380784927,167.38173964213652,23938200
2022-08-05,166.19822692871094,170.6736743492579,164.89537688548177,166.07888652033427,25832700
2022-08-08,169.32110595703125,176.54148950557416,166.2181337172502,167.0833820897577,27299100
2022-08-09,167.61045837402344,168.60500213233394,165.69099620474026,168.02816493144982,18655100
2022-08-10,177.36695861816406,179.49528199475273,173.00091142703204,175.02978951718475,30262100
2022-08-11,176.52159118652344,182.10098272209228,175.40769176912545,178.72947971988444,24079100
2022-08-12,179.51516723632812,180.46993602185645,177.93384613659634,179.82347340571212,21274000
2022-08-15,179.9030303955078,180.45003252979868,177.2277051005043,177.98356811353685,15878700
2022-08-16,178.4907989501953,180.0025099612496,176.07404932771448,178.46096384656903,21156700
2022-08-17,173.89599609375,177.1680386425796,173.21969839282943,175.79556329036916,20118100
2022-08-18,173.70704650878906,174.80103572680036,170.92232046883444,173.3887851668349,18844500
2022-08-19,167.0435791015625,171.37979056694337,166.1385406243181,169.2713474448919,26240800
2022-08-22,162.16036987304688,164.58705917684267,161.37467177154647,164.58705917684267,19499700
2022-08-23,160.23095703125,164.14946214887348,159.8231904188906,161.59347722194875,18111800
2022-08-24,162.36924743652344,164.55725636967253,158.89829860041675,159.72377193873444,20891500
2022-08-25,167.859130859375,167.95859132707366,163.12510700233202,164.27876647973795,15550500
2022-08-26,160.89730834960938,169.9874388429204,160.78790791534107,167.56074933772192,24023600
2022-08-29,158.30154418945312,162.16037921789803,158.14241352991138,159.7834200023075,20052700
2022-08-30,156.3025360107422,160.77798393425172,155.05935603198952,159.47513374460485,19567900
2022-08-31,162.041015625,166.92422937259957,161.25533269259708,166.1584415655396,40953000
2022-09-01,164.45774841308594,166.44683583212395,159.47508989158743,162.68746182418468,30145700
2022-09-02,159.44528198242188,167.01374633389952,158.3512776451919,166.53636952107883,22634200
2022-09-06,157.6749725341797,160.80779471201183,156.82961938183863,159.22647366039627,19339800
2022-09-07,159.51487731933594,160.08177456193138,155.9544087423871,156.89922230451234,16831200
2022-09-08,161.17579650878906,161.34486716593804,156.87937436546812,157.84408324931712,22530800
2022-09-09,168.2270965576172,168.61496807607523,162.13055269957323,162.35929355006496,22086800
2022-09-12,168.03814697265625,170.45488140784667,166.3673053000311,166.47670573797402,23220400
2022-09-13,152.2945098876953,160.74813290583646,151.83701302359566,160.65861242282574,44444100
2022-09-14,150.64356994628906,152.70226798539755,148.23677546226304,152.49342225887582,43064200
2022-09-15,148.73403930664062,153.35866224787844,147.8886709440106,148.98267527499826,34606300
2022-09-16,145.4918212890625,147.7693353314381,143.50273347764275,147.24222827545472,40122800
2022-09-19,147.21241760253906,147.76935985407664,144.30835073699444,144.44758629987882,22169500
2022-09-20,145.29290771484375,148.0279033081881,144.42765941966596,144.9846015487705,23217400
2022-09-21,141.34458923339844,148.78378932239417,141.22524880888676,145.59129638687241,38338600
2022-09-22,142.04075622558594,143.79114789260458,140.1013836283905,140.7776813199772,34418500
2022-09-23,139.6439208984375,141.84185454910397,138.13220983189828,140.648404833641,31710700
2022-09-26,135.6259307861328,141.4639131097513,135.44692018950897,139.3554699711342,30497000
2022-09-27,133.6666717529297,138.65928554577073,133.38820072150745,137.16746994506602,30826500
2022-09-28,140.8373565673828,141.25506316735775,133.53740827992252,133.8854895254675,32658500
2022-09-29,135.6657257080078,139.07700371578247,134.4623210123011,138.5996269328111,38985400
2022-09-30,134.939697265625,140.22073766018366,134.76068666353873,135.30768879580387,33166400
2022-10-03,137.8537139892578,138.85819774413116,135.35741456399015,136.39173341822868,27723100
2022-10-04,139.51458740234375,141.61307519200386,138.5797139071114,139.7234482541534,34670700
2022-10-05,138.22169494628906,139.4449947632363,134.0446139648407,137.48574223666648,27979300
2022-10-06,138.31121826171875,140.6782222669857,135.85469377799646,136.96857801576914,36231100
2022-10-07,132.7218780517578,137.5354667997412,131.71739419387347,136.0138158739346,33214800
2022-10-10,133.05999755859375,135.36734627215753,131.15047543816138,132.82131677824773,24024000
2022-10-11,127.83866119384766,131.93619221983087,126.29712276222172,130.90185810626812,38481400
2022-10-12,126.8043441772461,128.9625025668848,125.56116433237113,127.61987743974097,34605200
2022-10-13,129.57911682128906,130.4244851984627,121.86146169388738,122.85600558442789,34325700
2022-10-14,126.0683822631836,131.0709290948318,125.82968627274843,130.2852461198938,23559400
2022-10-17,133.30865478515625,134.05456269396552,129.46971480746316,129.5890703922366,29612200
2022-10-18,132.07540893554688,137.08790260272673,130.68303862344544,136.34199481337936,25445000
2022-10-19,132.5030517578125,136.2524857235888,131.49856809267698,132.16491054485982,30691000
2022-10-20,130.81236267089844,136.02377835804865,130.5935617909642,132.20471811090155,26356300
2022-10-21,129.3006134033203,129.41001381093628,124.75555685170808,125.62080496387782,46348600
2022-10-24,129.01223754882812,132.75171719678843,123.89033488168971,126.55571287080963,63563400
2022-10-25,136.7597198486328,137.59514821908343,129.87747820261947,130.16590441846992,38433200
2022-10-26,129.11167907714844,134.81041061118555,127.82870911980766,130.96151591469678,82791500
2022-10-27,97.40563201904297,101.94074977611926,95.85413837496334,97.44541468558529,232316600
2022-10-28,98.65874481201172,100.2997436475868,96.97797090050766,99.03667632324228,95928300
2022-10-31,92.6517105102539,98.77809679977636,92.0947607837391,97.68410006105101,121361400
2022-11-01,94.68057250976562,96.95807886145064,93.0395812097166,93.81532420707086,110189600
2022-11-02,90.04600524902344,94.68057585846891,89.98633504335267,93.69597952606237,71821100
2022-11-03,88.4249038696289,89.96644239820337,87.92763190794012,89.58851843891637,60664000
2022-11-04,90.29463958740234,90.89136439660422,87.6093665643425,89.85703785302941,55638100
2022-11-07,96.1922836303711,96.35140670279043,92.59203211520253,94.26286610832688,81987300
2022-11-08,95.94364929199219,97.26639447310278,94.27281527052818,95.39664712303137,52088300
2022-11-09,100.91636657714844,104.3276523167038,100.19034622152999,101.16500254187473,107677300
2022-11-10,111.2596206665039,112.13481650273391,104.0392303573628,106.53553748789649,80671000
2022-11-11,112.40333557128906,114.27308274873599,108.21630713470813,108.63402129233438,59961700
2022-11-14,113.59679412841797,115.63560436716442,110.19545615113533,110.38441431358413,53395000
2022-11-15,116.44120025634766,118.0921391651889,113.78576989580782,115.43670880464906,50670500
2022-11-16,112.6122055053711,115.44665401144424,112.04531580415646,113.87527287903613,33287800
2022-11-17,110.8419189453125,111.71712246763724,109.20092751648981,109.8075999261856,35093800
2022-11-18,111.43865203857422,113.69626345442184,110.01645389414465,113.1791039417966,33357700
2022-11-21,109.2605972290039,111.75690462866704,108.59425461408856,110.91153621429926,24351100
2022-11-22,110.83197784423828,111.01099605491795,107.72899805504672,109.26059661580209,29029000
2022-11-23,111.62760162353516,112.05525579030038,110.1258458459968,111.11044215077533,21343100
2022-11-25,110.80213165283203,112.1149292038598,110.4142525786998,110.69273122459911,12007600
2022-11-28,108.18647766113281,111.4286927029082,107.78865860772653,110.17556534039694,23309400
2022-11-29,108.8627700805664,110.33469833300491,107.94779154979604,108.94233541048578,23899200
2022-11-30,117.45563507080078,117.51531286549822,108.78321090120795,108.91250646657913,43348600
2022-12-01,119.7828598022461,120.53870764031878,117.75398950410786,118.54962000541077,36551400
2022-12-02,122.81621551513672,123.3632176570688,116.96830052285647,117.18710137962931,39950500
2022-12-05,121.76200866699219,123.98978485438487,120.68789944551497,121.08571851877701,35474900
2022-12-06,113.49735260009766,119.89227018063661,113.1194210619246,119.25576269165522,43689200
2022-12-07,113.30838775634766,115.24774534208693,112.26411361770782,113.13931711303046,29461100
2022-12-08,114.70075225830078,116.69978007681118,113.96478429338623,115.75496638673519,30619400
2022-12-09,115.26763153076172,116.8986828065847,113.24870876786908,114.67090674971358,26033400
2022-12-12,114.08411407470703,115.08860539930866,112.52268067124511,114.55155085707908,24747100
2022-12-13,119.49445343017578,122.62726829375318,117.99268998734809,121.46364614138356,44701100
2022-12-14,120.92659759521484,123.46268775225018,118.7386038976784,118.7386038976784,36922000
2022-12-15,115.51626586914062,117.98273028630128,113.38794270765234,117.68437169384339,34531000
2022-12-16,118.77838134765625,122.63720904770412,118.17170894596907,119.57401952330868,67064000
2022-12-19,113.85537719726562,117.15726229915948,113.70619411019094,116.19255360221243,29769900
2022-12-20,116.45114135742188,116.68983735609928,111.84640584196114,112.64204399535026,28742500
2022-12-21,119.10657501220703,119.68340468534029,114.98916403142952,116.06326563545637,20392800
2022-12-22,116.48098754882812,117.97280344044226,113.75593172362001,116.56054529634388,23618100
2022-12-23,117.39595031738281,117.53518584147767,114.90959083316451,115.39691516749654,17796600
2022-12-27,116.2422866821289,117.9529033803573,115.4168210233242,117.2865607976981,21392300
2022-12-28,114.98916625976562,117.50536106480486,114.8797658258276,115.61572617323714,19612500
2022-12-29,119.60385131835938,120.36964678133155,115.1383437523885,115.76491126440624,22366200
2022-12-30,119.68341064453125,119.76297597850008,117.09759799268716,117.5153122021396,19583800
2023-01-03,124.05940246582031,125.68051385944831,121.61282541184728,122.14988002190493,35528500
2023-01-04,126.67505645751953,128.3458904758732,125.1633455139879,126.68499643310567,32397100
2023-01-05,126.24739074707031,127.81877175155958,123.86048414076977,125.44180511993663,25447100
2023-01-06,129.3105926513672,129.61889880968906,125.3523048808097,128.26631859778368,27584500
2023-01-09,128.7635955810547,132.2246039865523,128.57462981837625,130.4443771431501,26649100
2023-01-10,132.26437377929688,132.71191541478396,126.45623455306544,126.57557494238661,28684400
2023-01-11,132.16493225097656,133.11970102877387,129.6288423862519,130.24546989556188,25423000
2023-01-12,135.964111328125,136.92880500697495,131.0411065900665,132.7119483326621,30757700
2023-01-13,136.2326202392578,136.6403868835783,134.10429688361904,134.23359244780255,22423800
2023-01-17,134.6214599609375,136.00387534462192,133.51751564910782,135.4369780497878,21147600
2023-01-18,132.29421997070312,136.50113597792236,132.0754191215774,135.06899048383906,20215500
2023-01-19,135.40713500976562,136.70004501074817,131.4190197551415,131.76711616232177,28625200
2023-01-20,138.60955810546875,139.1764553293684,133.87553530075945,135.14855009153058,28688600
2023-01-23,142.48829650878906,142.97561326540242,137.90344891833126,138.53000120191047,27470100
2023-01-24,142.3590087890625,144.2088609922605,140.5887219164417,140.9169232142469,21970200
2023-01-25,140.72796630859375,142.3888528531503,139.54445660201168,140.44949522181398,26622000
2023-01-26,146.49630737304688,146.70515307645144,142.5181321024986,143.61212119657878,25482100
2023-01-27,150.91209411621094,152.354179709988,146.58582215934445,147.43119052924928,35771900
2023-01-30,146.25759887695312,150.2954440029169,146.14819845935412,148.59478271859868,28040100
2023-01-31,148.15721130371094,149.06224992725598,146.7151256321657,147.14277224022598,29842100
2023-02-01,152.28456115722656,152.74205804061552,146.25762739120842,147.2223362138785,55661000
2023-02-02,187.74005126953125,196.08427376205427,179.17702791077238,182.3794603978227,150475700
2023-02-03,185.51226806640625,195.69640282478898,181.89212896302806,182.46896623245266,76809700
2023-02-06,185.0448455810547,189.65952891879522,184.50779852333997,185.51228245329548,42483800
2023-02-07,190.57447814941406,192.72269640010117,183.39387069750305,184.5674402730861,47080700
2023-02-08,182.42916870117188,189.78880219886125,181.921956807593,188.96332899324764,36139100
2023-02-09,176.94924926757812,185.63161328508647,176.30280180132868,185.11446138230116,37118800
2023-02-10,173.19979858398438,177.91394171046065,172.40417567575625,175.38780710821445,33433600
2023-02-13,178.45098876953125,180.0124298374607,174.86070017940747,177.24759925620984,31463200
2023-02-14,178.500732421875,180.519655296545,174.92038353736064,176.19339849748158,24034600
2023-02-15,176.1934051513672,177.2177841786571,174.37338795007085,175.45743718469245,25308900
2023-02-16,171.4991455078125,174.89054370979864,170.85268289401424,171.80745167607762,25827500
2023-02-17,171.93673706054688,172.2350880602244,168.7740798841586,169.29124690948973,24171300
2023-02-21,171.14109802246094,177.1978660903892,170.9421922986168,173.3589264356145,34592600
2023-02-22,170.1863555908203,171.81740705914402,168.76416502889262,170.1366405338303,22433200
2023-02-23,171.101318359375,172.74232482757904,168.45584323504272,171.06154328235866,20017800
2023-02-24,169.46031188964844,169.78851315389517,166.74521165428638,167.71986029701287,19791300
2023-02-27,168.61495971679688,172.17542856446622,168.13758291210016,170.94220388770515,19277000
2023-02-28,173.9855194091797,176.58127970135408,170.93226222706042,170.9620973312377,46051100
2023-03-01,172.47378540039062,176.87962236208153,172.1058090475203,173.63739983494355,30998400
2023-03-02,173.57772827148438,174.05510504653154,170.4946364200003,171.43946517081687,17352000
2023-03-03,184.23927307128906,185.60179347345826,176.08401543603438,177.94380783029882,45877700
2023-03-06,183.89114379882812,188.62518203132487,183.63256787226405,186.974235669983,33209400
2023-03-07,183.5032958984375,189.3213839857,183.00602393116844,187.9688036277067,36701500
2023-03-08,183.96078491210938,184.24919596354567,180.35058572807955,181.87223666875394,19432400
2023-03-09,180.69866943359375,187.89915699198696,179.31625412813972,185.33324728589136,26582800
2023-03-10,178.53057861328125,183.76188949125458,177.82446090861632,180.02239453503887,25665000
2023-03-13,179.91299438476562,182.7772858153449,173.86618052659927,176.9890479208417,24728000
2023-03-14,192.96141052246094,193.2597767257053,185.54210639754518,186.55654541836185,41642600
2023-03-15,196.67105102539062,196.700886127559,189.7987492159527,191.8972373964941,42123600
2023-03-16,203.81187438964844,204.6373476487127,195.0201099451263,197.1782683896765,50447100
2023-03-17,194.542724609375,200.79839879699728,194.36369882371298,199.4657136698237,50141100
2023-03-20,196.73072814941406,198.27227424298704,192.58348187125094,197.3970707471705,25186300
2023-03-21,201.05699157714844,202.4394069437602,196.8699552243766,202.09131052047306,31827000
2023-03-22,198.71981811523438,206.23856771811555,198.5805825735342,201.3951436866139,28477800
2023-03-23,203.1654052734375,206.745769006442,201.04702213344865,201.7332597802357,27389700
2023-03-24,204.885986328125,206.44742755788178,202.43941679717094,204.06051305816604,27716400
2023-03-27,201.73326110839844,204.73678763888594,200.26134053093202,203.6925136119232,18527200
2023-03-28,199.58505249023438,199.9331489078724,196.82022180187988,199.05794546389205,19127300
2023-03-29,204.22958374023438,204.59756010509034,201.43490280066078,202.44934176723646,18851100
2023-03-30,206.7060089111328,206.9546448962094,201.71340925718124,202.27035143566698,22608300
2023-03-31,210.78363037109375,211.01237121219066,205.64184038095976,206.1092772142024,25440300
2023-04-03,211.90745544433594,212.32516202064002,207.06401680310864,207.70052423017208,17924600
2023-04-04,213.54844665527344,215.06015748541532,211.38033327283568,212.22570157584107,21026400
2023-04-05,210.32614135742188,214.0159059323329,208.79455041675462,212.98157176999456,19396600
2023-04-06,214.92092895507812,215.7563421348993,207.51156523902694,208.10829761063326,26104400
2023-04-10,213.57830810546875,214.48334672024453,209.5106270903151,213.53853302566515,16106100
2023-04-11,212.68321228027344,214.84137065315744,212.2456105501891,214.3043084660412,16710100
2023-04-12,212.8323974609375,215.6568985327765,211.420146925018,213.66781070603875,18972200
2023-04-13,219.1477508544922,219.9433738210638,214.51317271408945,214.5529477922039,23310400
2023-04-14,220.28152465820312,220.89813699423433,216.3630194280572,216.69122072239043,21591200
2023-04-17,217.66587829589844,219.77430650515893,215.9453216001441,218.59079683751477,15481900
2023-04-18,216.70115661621094,219.23724644244754,215.03033024984097,218.7101394214712,12281000
2023-04-19,214.5231170654297,216.14422848517958,211.76822620210035,212.30528840857968,15898100
2023-04-20,211.90745544433594,215.56736935606725,211.60908926825186,212.3152068702656,16475400
2023-04-21,211.7284393310547,212.24560638149993,208.43650162012466,209.06306910094227,17717200
2023-04-24,211.6289825439453,212.75282196856398,209.56034465738014,212.5141259775595,15750900
2023-04-25,206.41758728027344,210.1073366116511,205.99988066778928,209.66975004776447,19198200
2023-04-26,208.25747680664062,212.94178503282527,207.74032492932005,211.3405688220229,41992700
2023-04-27,237.25836181640625,240.3712887051276,235.47813512678312,238.5811068653592,71196500
2023-04-28,239.0087890625,239.11817431920107,234.46371631250344,237.70592385112954,39554000
2023-05-01,241.8531951904297,242.66872852958176,235.16987367766606,237.31807711812664,29143900
2023-05-02,237.9346923828125,243.58369455225636,237.68605640333624,241.85318267190854,24350100
2023-05-03,235.7367401123047,240.43098854847284,231.48009342153898,238.16342966369243,34463900
2023-05-04,232.24588012695312,236.90033798104923,231.65908773208787,234.77201478549054,17889400
2023-05-05,231.50991821289062,233.39954547419643,228.59591199117216,230.9728712064309,27000500
2023-05-08,231.99725341796875,234.33442241333236,229.01362180007337,230.15734118338585,16400500
2023-05-09,232.0966796875,234.59299431566043,229.81918108297202,230.19711257978477,16865600
2023-05-10,231.80828857421875,235.45826278020138,229.46116441846968,234.88142551072102,19119000
2023-05-11,234.50347900390625,236.91028838597876,231.03253080867285,231.77843866846698,20449000
2023-05-12,232.5343017578125,235.6671240797864,230.18717759799728,235.44832321251704,16161400
2023-05-15,237.5567626953125,238.94911812105227,234.04602385169957,235.62734505140457,20653200
2023-05-16,237.5169677734375,238.33248583308955,234.23497005775818,234.50348596887454,18163800
2023-05-17,241.1669464111328,242.50957151868542,236.84067454388165,237.14898071282627,21193100
2023-05-18,245.503173828125,245.74185465765723,239.87405157343906,239.98345201215332,22943300
2023-05-19,244.2997589111328,247.33312079060713,242.08193030030273,246.1197760388174,21733600
2023-05-22,246.96514892578125,252.18650440910116,243.78259630028157,244.0710225300411,27738500
2023-05-23,245.39373779296875,250.23716114643565,245.3042173193439,245.46334796630612,17748100
2023-05-24,247.8502655029297,248.22818182516912,243.61349922946496,243.94170050244702,17724300
2023-05-25,251.31129455566406,254.22530082925988,247.8104958615853,252.0174122096085,22371400
2023-05-26,260.6102600097656,260.8787759033634,251.33116474265523,251.5499504122607,25727200
2023-05-30,261.0876770019531,267.1842365092019,259.86440732047,263.8027930176448,23816500
2023-05-31,263.2756652832031,263.55413636418655,257.0398858888211,258.5814168101453,25473700
2023-06-01,271.1225891113281,272.50501965546624,264.43928345972506,264.4492082596709,25609500
2023-06-02,271.1225891113281,273.84765994661046,269.6407284613106,271.172334515338,19416900
2023-06-05,269.90924072265625,274.0664262801569,268.08920867811304,268.8251613348866,20742900
2023-06-06,269.6407165527344,275.0609925308667,268.218526169483,268.666083030455,19419000
2023-06-07,262.1617431640625,272.75362821695035,261.36608993948033,270.1877186514573,26163600
2023-06-08,263.1363830566406,266.1896397814522,257.467501654524,259.19799813976084,20899400
2023-06-09,263.50439453125,266.4880259604724,260.27212714959245,261.0478701071475,16949800
2023-06-12,269.57110595703125,270.2672988119705,263.8823137615552,265.7123012057835,15442500
2023-06-13,269.83966064453125,274.21564777343684,267.62181680131886,273.38023453209706,16164000
2023-06-14,271.85858154296875,273.4896177588581,266.85602693250837,270.4065559450908,19175100
2023-06-15,280.29229736328125,282.4405158553206,269.9391219483488,270.81429509600497,25973500
2023-06-16,279.4668273925781,286.27945897040485,278.6015790820891,283.1963669040449,43127700
2023-06-20,282.7786560058594,283.2460928566601,274.712919480531,277.2092344019423,20701600
2023-06-21,280.10333251953125,282.45044133677476,276.8411996938274,281.9830045331958,20556200
2023-06-22,283.32568359375,283.70361514860275,276.274370673644,277.5573105084998,17563100
2023-06-23,287.1546936035156,288.08956737062584,277.42805471579453,279.9740848705835,51092000
2023-06-26,276.9506530761719,288.20889779742174,276.0854047017619,287.1248485414655,24232700
2023-06-27,285.4837951660156,287.771264192908,279.11872070405303,280.4713160996965,26108300
2023-06-28,283.7333984375,287.9701342260625,282.51009868351866,283.26596165518845,16722100
2023-06-29,279.9939270019531,285.00643647069484,279.1585138156744,282.9477234307208,15395700
2023-06-30,285.4141845703125,287.4728671256454,282.86815492463506,283.2062961673036,19694900
2023-07-03,284.45941162109375,287.8209745788327,283.29581235176477,285.13572448348765,8629300
2023-07-05,292.7638854980469,296.49342515503747,284.7975790783721,286.0805492186769,33865500
2023-07-06,290.3968505859375,296.4934092748716,289.72056804861535,294.27559590231954,47600500
2023-07-07,288.94482421875,294.5839012162315,287.0850320709652,290.58581550496774,25586000
2023-07-10,292.4953918457031,296.5034028882913,285.4838385459151,293.93746241225864,37058300
2023-07-11,296.6624755859375,298.5421475662829,290.3073261999989,292.296413779788,27585900
2023-07-12,307.65216064453125,307.7615762398212,298.4625860871088,300.10357720792473,36677100
2023-07-13,311.6999816894531,314.51452734035587,308.5970098329868,311.90882739296603,30281000
2023-07-14,307.1847839355469,313.1620027670607,305.68301286381137,310.08886561414164,23054100
2023-07-17,308.92523193359375,310.00928117956255,303.0474736413218,305.86204997123957,25323100
2023-07-18,310.3473815917969,312.4856750491433,305.941559828677,309.1837823388623,20731900
2023-07-19,314.28582763671875,316.94124285384027,308.82576098550715,311.322075887528,21763700
2023-07-20,300.869384765625,313.81836469510193,300.5710337607807,311.78948680895496,23836900
2023-07-21,292.65447998046875,303.7933527743912,289.61117825909304,302.9082245396203,42139300
2023-07-24,290.0188903808594,295.8966476262616,286.72695297360843,294.1661512015984,24915700
2023-07-25,292.86334228515625,296.672432052573,290.2675669338975,293.5794151043582,19585600
2023-07-26,296.94097900390625,300.1235012678688,290.3073578476797,299.54667916131785,47256900
2023-07-27,310.00921630859375,323.5748072986703,308.1494243972917,323.34605131532476,64229200
2023-07-28,323.7041320800781,324.4202048414684,312.5353941027042,315.151049194325,39220300
2023-07-31,316.8617248535156,323.8832030739234,315.85722569995676,321.9239501775104,25799600
2023-08-01,320.9492492675781,322.3714700927669,312.9431831178533,315.8074743685142,22817900
2023-08-02,312.5950927734375,316.65284890790207,308.9550584341069,316.26496221591543,20461100
2023-08-03,311.4811706542969,314.2261212150192,308.23894820075196,308.23894820075196,15180200
2023-08-04,309.0346374511719,316.6727273307237,308.50753039739976,313.24153872999045,17612800
2023-08-07,314.8327941894531,315.3400212579835,308.76607072169384,311.5209765711652,16236500
2023-08-08,310.9342041015625,316.1555593185805,308.4179790218584,312.68458064034974,15183500
2023-08-09,303.5447082519531,311.91878050042124,301.1975994249986,311.1728726416922,19955800
2023-08-10,304.07183837890625,310.6358341050445,302.2120461658991,306.25984707130925,14358900
2023-08-11,299.9942321777344,303.0574139904705,298.72118686732165,300.91915070695234,14046300
2023-08-14,304.51934814453125,304.5392280928146,296.62266847359484,299.33778379204205,15641900
2023-08-15,300.3025207519531,305.553710945325,298.392983249332,304.46966181584685,11623600
2023-08-16,292.6842956542969,299.4372260248089,292.67434050421855,298.56205299886796,18547700
2023-08-17,283.53448486328125,294.434676280866,283.3952645155241,291.4510449170292,23950100
2023-08-18,281.70458984375,284.13127964771854,272.88298936218473,277.5076129222379,35347900
2023-08-21,288.3182373046875,288.914969646115,280.3121719729933,281.90344809977756,20181500
2023-08-22,286.03082275390625,291.301893118428,285.18545439516254,290.95379669411346,12980200
2023-08-23,292.63458251953125,295.77734483299173,286.10045227284775,286.925910341543,18287000
2023-08-24,285.1854553222656,297.82609943825014,285.0760700648493,296.8713458193419,18360900
2023-08-25,283.9422607421875,286.81650695183856,274.5239295483601,284.5688282052502,23701400
2023-08-28,288.6763000488281,289.85980962740086,284.24061274129133,286.4286212943843,14239300
2023-08-29,296.3641052246094,297.5177797057821,286.60763271215495,287.00544417264615,20844500
2023-08-30,293.4898986816406,296.66249601799615,291.8289970836555,295.54861175276847,17717000
2023-08-31,294.275634765625,299.4572004375462,294.04687872231887,294.1860990978854,17229900
2023-09-01,294.762939453125,300.09368043302663,292.8633568749001,297.736616138126,12842300
2023-09-05,298.5122985839844,299.74555346482583,293.89763139603923,295.3993718102138,14956000
2023-09-06,297.5376892089844,301.6451297075991,294.04683067406876,300.06380866941623,15418100
2023-09-07,297.0404052734375,305.3746566871052,290.6255857272538,296.37404758379614,33748700
2023-09-08,296.26470947265625,303.5845383177992,295.1607499143975,297.58743956114154,17548000
2023-09-11,305.8819274902344,307.35386342728196,299.63619284822624,299.7654884147937,19489300
2023-09-12,300.01409912109375,306.97590601744315,298.59190871081046,304.65860186820225,13480400
2023-09-13,303.3955383300781,305.50396639335673,299.6759541184855,300.710257848842,13210900
2023-09-14,310.01922607421875,311.1629454903038,303.3657249475748,305.06638652020683,19343100
2023-09-15,298.67144775390625,310.2976672664294,297.11996184565953,309.90978061383356,28131100
2023-09-18,300.8992004394531,301.943489591124,296.17511761098035,296.56300424330385,14234200
2023-09-19,303.4055480957031,304.49955257576687,298.17423689626384,300.8296827546425,15924400
2023-09-20,298.03497314453125,306.37918038275967,297.7962619783914,303.3855936391226,19379500
2023-09-21,294.1164855957031,298.6217683577601,291.6698856896851,294.08665049202347,21319600
2023-09-22,297.44818115234375,303.7138260360941,296.64260300817284,297.66698202798716,25369600
2023-09-25,299.1886291503906,299.30799991371646,292.097556612981,294.02697421395317,18987000
2023-09-26,297.32879638671875,298.66148139372746,294.39491048172215,296.0359016287294,19417200
2023-09-27,296.115478515625,299.65605222138623,285.22524148311436,298.8107142230933,36429800
2023-09-28,302.3015441894531,304.6586082892958,295.0811763806446,297.30894492208745,22167100
2023-09-29,298.5719909667969,308.9451060506003,297.72662265167014,305.7028834930626,25373700
2023-10-02,305.1459655761719,305.50398681035995,299.98428032579614,301.08820948228043,16265600
2023-10-03,299.298095703125,305.09627429320335,298.00520054888705,302.5999893091522,17362300
2023-10-04,303.9126892089844,305.22549434448695,296.87133227040783,297.100088276934,16880500
2023-10-05,303.1270446777344,304.53928002332026,297.865898932841,302.9679140111342,19130000
2023-10-06,313.7089538574219,314.58415728634975,299.2681883333196,299.79529535059623,21803900
2023-10-09,316.6229553222656,318.5822078577207,310.1186606054733,310.7949431174403,22503700
2023-10-10,320.0840148925781,322.8886360603423,316.4241005132519,317.3788541880605,19038000
2023-10-11,326.0314025878906,327.0458264830826,321.18797844299854,321.24764865147614,22036300
2023-10-12,322.39129638671875,328.73649018572763,320.92931590214755,326.21034063495125,20530500
2023-10-13,312.9730224609375,323.2764827010933,310.66567332763464,321.7647868987937,21341000
2023-10-16,319.39776611328125,320.06412387803726,313.7984791229262,316.9014815731817,16536100
2023-10-17,322.232177734375,322.6299891675374,315.5687224124041,316.4439257760015,16387800
2023-10-18,315.2405700683594,324.1616297504693,313.8382595767355,319.63646730564585,16851000
2023-10-19,311.103271484375,320.13374699293126,310.04905739013975,318.1347040637348,18709200
2023-10-20,306.9659729003906,313.57968385643426,304.79787445273166,312.4260396254586,22312300
2023-10-23,312.2967529296875,315.62845085442206,305.5835813214041,307.81135003906905,17796800
2023-10-24,310.84466552734375,316.6130380188143,308.93515834821994,315.05159690336774,19525500
2023-10-25,297.8957214355469,309.18380032675657,297.20948374345363,308.3085968730104,42192500
2023-10-26,286.7767333984375,293.3904441193893,277.87555354659054,293.3904441193893,66684100
2023-10-27,295.11102294921875,297.67693286175415,291.3715281655793,292.8732991698524,29596300
2023-10-30,301.0086364746094,307.71185211510857,297.4183174986179,297.45810774975297,28435100
2023-10-31,299.626220703125,302.02307507127034,295.2402785955465,301.6550986956465,19434200
2023-11-01,310.14849853515625,311.03362675867317,300.2030602646755,300.2030602646755,20434600
2023-11-02,309.1738586425781,317.0804948213991,306.6477086276094,315.56876866232903,21631800
2023-11-03,312.8835144042969,313.82831289078524,309.3230302753513,310.84468121563503,16764300
2023-11-06,314.07696533203125,316.59316029596596,312.73435528867196,314.256006308742,12887700
2023-11-07,317.08050537109375,319.2486038701289,313.40068066269134,315.33009832912,14055600
2023-11-08,318.0351867675781,319.5767173795802,313.1619286526954,316.4041508636919,13609700
2023-11-09,318.8009948730469,322.41119363175676,317.06054326713956,317.67718590241475,16103100
2023-11-10,326.9761962890625,327.3044127819098,317.7169947472732,318.1943867591092,19096200
2023-11-13,327.3939208984375,330.51677307662266,323.9229722722481,324.42024424051925,16908900
2023-11-14,334.47503662109375,336.25527859415763,331.51128504957023,332.7147049495273,17179400
2023-11-15,330.8946533203125,336.55360986984874,328.21932811776264,336.08617307811147,14531200
2023-11-16,332.36663818359375,332.7544945334898,324.59925252331504,327.57292915978246,18932600
2023-11-17,333.2120056152344,333.6694873231,327.5530482456629,328.4580868608587,14494400
2023-11-20,338.1150817871094,340.00470907598236,332.36661941403474,333.0628122657055,16960500
2023-11-21,335.1413879394531,338.04543890201586,334.0672636154936,336.4839978177994,12027900
2023-11-22,339.6268005371094,341.04902143887335,336.7326740280566,337.3592415667581,10702700
2023-11-24,336.38458251953125,339.9947512560226,334.9325266232815,338.27420979357106,5467500
2023-11-27,332.87384033203125,338.0454501661947,332.37656840464615,334.34574581240656,15684500
2023-11-28,337.140380859375,337.5282674958625,331.5808848605228,331.5808848605228,12637200
2023-11-29,330.387451171875,338.0454199586524,328.9751856698298,337.83657426611256,16024500
2023-11-30,325.3650207519531,331.68038039184705,320.64093737305876,330.0791793308829,23146400
2023-12-01,323.0477600097656,325.07660773263615,319.0099141647599,323.70416263224894,15276400
2023-12-04,318.27392578125,319.1093390094246,311.94864118889734,315.55884037745017,19037100
2023-12-05,316.55340576171875,320.12381493864075,313.66923434579206,317.23964352271406,16952100
2023-12-06,315.7179870605469,320.4917858497653,315.3102204015108,320.1735245035314,11294300
2023-12-07,324.80804443359375,326.4490355749451,316.0361611457005,316.0361611457005,15905100
2023-12-08,330.9344787597656,331.3522005472318,321.23767585095203,321.32718115875105,14087400
2023-12-11,323.5052490234375,328.0901123330326,318.25405827592755,327.6027651675685,25802500
2023-12-12,332.3964538574219,332.64508982523006,322.78915641918593,322.82894667233495,18485500
2023-12-13,332.9136047363281,336.52380383414567,330.82508689391784,332.10802663115385,16353300
2023-12-14,331.3522033691406,332.87385431682435,326.84692073179696,332.02848593453984,19607300
2023-12-15,333.0926208496094,336.8122049269243,329.4127966712865,330.17858446630197,31776900
2023-12-18,342.7396545410156,345.66361552817386,335.181116141226,335.6386281086784,18993900
2023-12-19,348.4483947753906,351.6707377290934,343.2369943240104,343.69447603092266,17729400
2023-12-20,347.374267578125,353.02326924582536,345.89240698440796,346.7477001093249,16369900
2023-12-21,352.1580810546875,354.4654304172209,347.3047014821428,351.05415178402814,15289600
2023-12-22,351.46185302734375,355.25106253091496,349.30367959631326,353.63987605720274,11772800
2023-12-26,352.8939514160156,355.03224479547015,351.5215065127403,353.05308206083026,9898600
2023-12-27,355.87762451171875,357.041254209994,353.3713848514491,354.1272479153226,13207900
2023-12-28,356.36492919921875,359.9253825238505,355.8577021666701,357.7374044512441,11798800
2023-12-29,352.0287170410156,358.0357701270011,349.9004090789273,357.0312711706918,14987100
2024-01-02,344.40057373046875,351.23308463607276,338.15484001235046,349.4031277248289,19042200
2024-01-03,342.59051513671875,346.0515385996116,341.3075450947138,343.0977422035491,15451100
2024-01-04,345.2260437011719,346.2504226150793,341.526339500746,342.6203437658579,12099900
2024-01-05,350.0297546386719,351.57128561764125,344.37079714647183,345.0967948038246,13920700
2024-01-08,356.7030944824219,357.0213557929677,350.1291439693291,352.76470940539207,13890200
2024-01-09,355.4798278808594,358.6723357333515,353.4211146715488,354.4554488520013,13463900
2024-01-10,368.4486999511719,370.90522473225315,357.12082974356093,358.20490936265554,22117200
2024-01-11,367.6530456542969,370.74606252044777,360.94979933401305,370.0996150753782,17205400
2024-01-12,372.44671630859375,375.00270128484175,367.52374246656757,368.1403547967912,19310000
2024-01-16,365.455078125,373.5606045099645,365.2263524619926,371.6113070435831,15306900
2024-01-17,366.3601379394531,366.52922375985634,356.6533795947967,364.3014247464983,12724800
2024-01-18,374.0777893066406,374.79386210445585,368.9260593632011,369.4630911982599,16354300
2024-01-19,381.35784912109375,382.26285731018993,375.90773792960493,376.9321168748791,21670800
2024-01-22,379.69696044921875,388.22020876614937,379.0803481011593,385.8333095296637,17680500
2024-01-23,383.09832763671875,386.2609699975244,379.99532513156834,382.52147517026447,15506100
2024-01-24,388.56829833984375,393.9885441675607,385.6940520152096,387.87210549724125,15698500
2024-01-25,391.0347595214844,393.33215348009503,383.5558003924775,388.04120305027493,15091100
2024-01-26,391.9895324707031,394.6250676356868,389.4534274110973,392.19837818349464,13163700
2024-01-29,398.8320007324219,400.7315833039514,390.9552297076326,392.83490197563384,18742400
2024-01-30,397.87725830078125,404.14287317277973,397.38994146771364,401.38799730163834,18614700
2024-01-31,388.0113525390625,395.82845263822867,384.98793073417954,386.87755798058026,20180800
2024-02-01,392.62603759765625,398.3148298902819,390.9054657331679,391.7906243681048,29727100
2024-02-02,472.3983459472656,483.3084925571817,450.5382928285309,457.0923327742611,84707600
2024-02-05,456.9034118652344,469.32525533133054,456.71444609816524,467.31628760115507,40832400
2024-02-06,452.2389831542969,464.571320891391,450.52836650891777,461.4683489186266,21655200
2024-02-07,467.0278625488281,468.94732497591195,453.69102531650236,455.5011024839927,23066000
2024-02-08,467.43560791015625,468.0223851375321,462.4927237784252,465.7647815320958,18815100
2024-02-09,465.5559387207031,471.0060503157884,464.91944639596704,470.3695579910523,18413100
2024-02-12,466.34161376953125,476.53568841947236,464.0342647108487,465.63549612134716,19382000
2024-02-13,457.6094970703125,465.3371219674141,452.60694287557016,454.37722965906966,20916600
2024-02-14,470.6977233886719,471.5231814494736,463.5469505078024,465.3769075935074,16858400
2024-02-15,481.3890686035156,485.95402132868384,469.643507916618,472.6868097333968,24212300
2024-02-16,470.7375183105469,476.3467300319795,466.64992716604036,475.50136166063226,23324600
2024-02-20,469.1760559082031,473.5818778294014,464.0143709572483,467.1571331296785,18015500
2024-02-21,465.9702453613281,466.93597770325215,459.7577167025933,464.4469799543009,12921800
2024-02-22,483.9905700683594,487.83356780969115,473.96488036295625,478.1264770916351,21625800
2024-02-23,481.8998107910156,492.1843356907179,480.2272116656907,485.90210806588715,18374300
2024-02-26,479.6199035644531,484.0005639371309,478.48493638300374,481.3423009556775,12101400
2024-02-27,484.9065246582031,485.12555767334624,477.807928668057,477.8676621827985,10809600
2024-02-28,481.889892578125,488.88895342989497,480.62549258790796,482.8655906890427,12715500
2024-02-29,487.9729919433594,489.53608982298255,480.4860672630107,486.2904270330112,17732000
2024-03-01,500.0893859863281,502.0308162689863,489.6853942410587,489.944229331014,16273600
2024-03-04,495.99749755859375,502.2000906332003,494.23529816240915,500.7863266009952,12324100
2024-03-05,488.06256103515625,493.398957288431,485.7428286480529,492.82152321572676,15325300
2024-03-06,493.9067687988281,500.75649567515,492.11470251798136,495.43999996647875,11757900
2024-03-07,509.9359130859375,517.5621755687105,499.17348908464345,501.0651213262788,18586400
2024-03-08,503.723388671875,521.2658403660549,497.15242838033225,511.9271157266025,18597100
2024-03-11,481.46173095703125,495.13131656797464,473.9051379702627,494.8226832995381,20428300
2024-03-12,497.5506591796875,500.09939049089655,482.5967713665327,491.0892306270452,15448200
2024-03-13,493.3890380859375,498.7752326970719,488.8690098038073,493.20983754544125,12090700
2024-03-14,489.6654968261719,499.1436197971865,486.01166510767587,498.0584204134488,12620000
2024-03-15,481.96954345703125,489.66550526344065,479.18184767146863,486.8579388165909,29153600
2024-03-18,494.7928161621094,495.23088216534666,484.6675606728024,489.7451217952192,11755300
2024-03-19,494.05609130859375,494.44438954443143,479.16193716995804,486.0216296035691,10903100
2024-03-20,503.29522705078125,505.9634556291109,492.9908010622897,497.30173163353624,11711100
2024-03-21,505.5253601074219,512.7732892595714,503.78306185002987,512.4447853400868,9712500
2024-03-22,507.3373718261719,507.7256700559414,502.1204423078349,504.7687395379915,8120600
2024-03-25,500.80621337890625,504.9877414602711,498.038449289476,503.564042138656,8380600
2024-03-26,493.7076416015625,507.75553001466403,493.0306111369224,502.90696736388685,11205400
2024-03-27,491.6865539550781,497.69004565954987,485.9220570770537,497.1026154568379,9989700
2024-03-28,483.4429931640625,490.7208504707535,483.01489284698454,490.6710522862474,15212800
2024-04-01,489.1876525878906,495.24088210271003,479.6597613494051,485.0559221569205,9247000
2024-04-02,495.1811218261719,495.34042132891113,482.5170999994954,482.96513174990423,11081000
2024-04-03,504.5098571777344,505.0076567069805,496.55503042302803,496.73423096157137,12099200
2024-04-04,508.6715087890625,527.6675263697325,508.33297835562007,514.1472734907579,26476300
2024-04-05,525.0192260742188,528.3644242747368,512.1460769736384,514.5853067823032,19263300
2024-04-08,516.9647827148438,529.1509047985135,516.6063816574513,526.9506698907369,13260600
2024-04-09,514.6251831054688,523.5556775870256,504.50986253452,519.9316823916643,10863800
2024-04-10,517.5422973632812,520.2602634620138,503.5740128170584,507.0486743379978,11418500
2024-04-11,520.8576049804688,521.554536512558,515.0134430511679,518.8166389530661,10369500
2024-04-12,509.64715576171875,517.9006805254135,507.0884588703495,515.4714163739358,11984500
2024-04-15,498.0285949707031,516.2480784222645,495.0915651997037,514.4459855480635,13512900
2024-04-16,497.56060791015625,502.54853866004663,494.9222460311094,495.9178451150447,9847900
2024-04-17,491.9952087402344,500.94563471054835,484.9961484515033,500.885901196652,12193700
2024-04-18,499.59161376953125,509.95583437882266,496.8437809276719,497.6203470065215,14808700
2024-04-19,478.9528503417969,500.58719861735904,473.6363549712514,500.58719861735904,25215400
2024-04-22,479.6099548339844,489.8447121415832,471.31659749872864,487.5647817454041,17271100
2024-04-23,493.9167175292969,496.5650147702585,486.81809111454174,489.08805583775546,15079200
2024-04-24,491.3281555175781,507.7555406564637,482.4473981829464,505.8240759731086,37772700
2024-04-25,439.4375305175781,443.8081947165338,412.67582215895027,419.54544979254115,82890700
2024-04-26,441.3391418457031,444.4752729930234,430.05898681594664,439.517178443808,32691400
2024-04-29,430.7160339355469,437.82462536989254,426.67390443168097,437.62549341685406,21502600
2024-04-30,428.27691650390625,437.6853106100595,427.8288847155426,429.1530182682808,18429500
2024-05-01,437.2571716308594,447.97976301143586,425.23031747526596,426.7137807964904,20344900
2024-05-02,439.7361755371094,442.00614012700026,430.3775506624109,436.90867791694853,15221300
2024-05-03,449.970947265625,452.17124308674926,441.89665339017773,443.9674860875785,16489100
2024-05-06,463.630615234375,464.10851377502695,451.34492509498904,453.5750575181471,15094600
2024-05-07,466.1793212890625,469.45485089459487,459.2798266933172,464.23792123892935,13406800
2024-05-08,470.5201110839844,473.48697676971443,460.96235424966954,461.4601537682977,11683900
2024-05-09,473.3277282714844,473.9847969274059,465.57200292622855,467.93156788594683,9437700
2024-05-10,474.10430908203125,475.3985757737603,467.5333488690271,474.9903764920245,10750000
2024-05-13,465.9503173828125,471.26681262125675,460.81302267994835,470.6694471193848,14668800
2024-05-14,469.7734375,470.46040330394175,458.055216745279,461.33074626432125,10478600
2024-05-15,479.4208068847656,480.3765735289262,469.1263156700557,472.8896791136664,13100500
2024-05-16,471.14739990234375,475.5877636342784,470.66950136910896,472.9095994718704,16608200
2024-05-17,469.8331604003906,470.7192277726925,466.35852937146893,468.75789639100327,10807300
2024-05-20,466.77667236328125,471.11750018246295,464.9846061597593,467.88180314929565,11745100
2024-05-21,462.585205078125,468.6284987814829,460.2355754516668,465.0642370629435,11742200
2024-05-22,465.7213134765625,471.63517415099227,463.60068267934247,465.8109137433543,10078600
2024-05-23,463.7301330566406,472.272359698421,459.5088027275184,470.79889252187127,11747900
2024-05-24,476.11541748046875,477.73824892477154,464.24786247433815,465.56206061879766,12024300
2024-05-28,477.8079833984375,478.7438186976735,472.75032242699456,474.4826553194732,10175800
2024-05-29,472.27239990234375,477.73825991605673,471.6153311982711,472.57109787837896,9226200
2024-05-30,464.99456787109375,469.6539949544908,462.66486952103253,469.59426143653604,10719600
2024-05-31,464.7754821777344,467.05541246557254,452.45992702811446,463.7500163913456,16919800
2024-06-03,475.38861083984375,477.48934076800083,466.17931904273166,468.7877838579953,11279400
2024-06-04,474.89080810546875,476.782470714512,471.1473761255075,474.90077381918167,7088700
2024-06-05,492.88128662109375,494.464285539623,481.78036276415025,482.31799478394595,15690500
2024-06-06,491.5870056152344,500.60713074206376,488.7296411509509,490.81043955740375,10667300
2024-06-07,490.79052734375,496.71435418448607,488.01282771081276,493.72755686309443,9380700
2024-06-10,500.38812255859375,500.447856074985,491.2385642376234,491.6865656105578,11220900
2024-06-11,505.2366638183594,505.36609655943624,496.0771401748187,497.9588370105871,9673700
2024-06-12,506.60064697265625,511.74790773477673,502.2498837276922,511.7279763073018,11983200
2024-06-13,501.88153076171875,507.1183615588256,499.1535684672158,503.4844307874335,9954600
2024-06-14,502.4396057128906,505.4193928906367,499.041238363191,500.9347487116365,10243300
2024-06-17,504.90118408203125,509.007120155757,494.3174285643263,499.95811806823497,11266600
2024-06-18,497.7855224609375,504.2733173632675,493.3307747451631,502.8382288096328,13060400
2024-06-20,499.988037109375,501.9513160000998,495.0748368714323,500.28700123955986,11801200
2024-06-21,493.09161376953125,501.7320416830129,490.7097852096126,501.7320416830129,22359200
2024-06-24,497.20751953125,506.06716741550116,492.6032897190552,497.4965384489006,13525300
2024-06-25,508.8576354980469,508.96724553577997,493.8091566300633,495.3538552472839,12063200
2024-06-26,511.36907958984375,512.0567275410722,502.95787690573815,504.92115590598786,8882300
2024-06-27,517.787109375,521.0957878790974,512.1464496871524,512.4952310557064,10121200
2024-06-28,502.4993896484375,520.0991299203725,502.1206815027582,515.3852901424151,15855100
2024-07-01,502.95782470703125,504.8513350720168,491.4871220656849,503.2269228247233,10328200
2024-07-02,507.7613525390625,508.7579400808467,497.7456599095063,499.05118715616857,7739500
2024-07-03,508.2198181152344,509.53532108304773,504.29326042895076,504.64207218134015,6005600
2024-07-05,538.0675659179688,539.0243118788674,509.85420477507415,509.85420477507415,21354100
2024-07-08,527.5137939453125,540.9577519109172,524.8529218920803,540.4992996840293,14917500
2024-07-09,528.19140625,535.6458617264369,526.3875852013534,531.9286095961085,8753200
2024-07-10,532.865478515625,537.0411834020582,526.5570613576638,528.9787621638455,10983300
2024-07-11,510.9504699707031,533.632813269708,506.6352286709946,529.0784006805071,16458300
2024-07-12,497.1676330566406,506.3561716108576,492.5434825758769,496.06143545934026,19750500
2024-07-15,494.4669189453125,504.95100979611664,491.686430959872,496.92849159199443,12539200
2024-07-16,488.11865234375,502.2303365025694,484.1323019174205,499.78868470106653,14075800
2024-07-17,460.41351318359375,477.53491191999797,457.55331152845895,477.53491191999797,28076600
2024-07-18,474.2261962890625,477.60461230090976,462.9547934237577,473.37909078076706,19267200
2024-07-19,475.1630554199219,485.049188318739,474.08672367823533,474.43553545403086,15149400
2024-07-22,485.73675537109375,490.3808569041175,482.2486990208922,484.9195462983929,12023100
2024-07-23,487.02239990234375,493.530115756903,486.05570870740434,488.16846956724555,9455500
2024-07-24,459.6959533691406,474.6746638479208,459.008305488975,470.6982890383508,17649700
2024-07-25,451.86279296875,461.96817554306887,441.13950052747947,461.6791870331621,18240500
2024-07-26,464.1108703613281,468.16695889164293,457.8523012762326,462.6159889198552,14222400
2024-07-29,464.1208190917969,472.3426670825258,463.4331711904061,468.2766029126612,11339600
2024-07-30,461.6094055175781,471.11685958576277,455.14156182899654,465.4064017799669,11390400
2024-07-31,473.2096862792969,474.8740009868098,465.15727169064735,469.41268987971785,24285800
2024-08-01,496.0414733886719,525.37103744849,490.4207354671662,519.2221093462982,43083100
2024-08-02,486.4742736816406,499.4398573571871,474.5251679707821,487.33132439808213,24044700
2024-08-05,474.10662841796875,481.8301822938768,449.26167651325267,449.80981793960683,21396200
2024-08-06,492.4039306640625,500.84502828740204,477.01661671728925,477.3654284366215,20955000
2024-08-07,487.2516174316406,508.40915248306584,485.1986190177851,501.4131185566094,20105300
2024-08-08,507.8909606933594,508.2198212306082,493.0318354233872,495.80234782888834,16156800
2024-08-09,516.0032348632812,516.5712971536759,503.9744139791387,505.9775345826438,13696600
2024-08-12,514.1893920898438,516.2523357519799,507.36276084486747,515.0962600556048,9767400
2024-08-13,526.7363891601562,529.6863103591749,516.3818902058347,518.2355285467402,13743800
2024-08-14,524.9625244140625,532.1778093250446,521.344906349691,526.2580762039715,11444200
2024-08-15,535.4963989257812,537.9280749520336,524.9026685286987,529.9752650350221,13482100
2024-08-16,525.6201782226562,531.8388746797044,522.869586906606,530.084931720874,14776700
2024-08-19,527.473876953125,529.8456993132501,520.9761067944298,525.0720669433309,9879700
2024-08-20,524.9324951171875,529.2776626859105,524.0854201040702,526.5469619416999,7944400
2024-08-21,533.333740234375,537.5593223328962,525.131844566313,525.3511254464922,13423300
2024-08-22,530.1148681640625,542.3728842508965,526.7862994334276,535.16757491359,15708300
2024-08-23,526.1982421875,538.0277318947694,523.2682722695172,535.087786368687,11323900
2024-08-26,519.3417358398438,526.1982635338597,513.1928072539388,525.7996041549756,9584000
2024-08-27,517.3285522460938,522.2218309845283,513.5515074798767,517.2089666110123,6282700
2024-08-28,515.0165405273438,519.311830411762,510.70129942743176,515.9034572136668,9106100
2024-08-29,516.4515991210938,525.4009971702922,513.9202885037621,517.2787838642175,8317400
2024-08-30,519.5310668945312,521.7534377247654,513.4419314026487,519.5709084999014,9157500
2024-09-03,510.013671875,523.6967999428734,506.88437226183885,517.8667869054548,12459100
2024-09-04,510.99029541015625,514.8271940094899,502.3498983027712,504.34307342132036,8335200
2024-09-05,515.0962524414062,519.8499947589663,509.40574576002206,509.9738079913622,8640900
2024-09-06,498.5628662109375,522.7899386747894,496.54977021380114,520.0991399974671,14744500
2024-09-09,503.06744384765625,509.5851046042932,500.366669657444,504.4327639412016,11047800
2024-09-10,503.06744384765625,512.4253852381723,498.32367732108537,506.42593906484467,9899000
2024-09-11,510.08343505859375,511.36904162153746,493.9088372319285,505.27990577946883,10782500
2024-09-12,523.806396484375,524.9126549028794,513.4618127596613,515.285585023477,11970500
2024-09-13,522.8297729492188,525.7796940926987,515.3453904682744,518.564409723777,10321400
2024-09-16,531.9672241210938,532.7851519026686,516.1263119315312,523.2486887229863,9527600
2024-09-17,534.999755859375,540.7654956540217,529.2639105539961,536.2765732411165,11690800
2024-09-18,536.6257934570312,542.8604084454137,532.5857751215418,535.7479547958741,10323500
2024-09-19,557.7236328125,560.686353189847,545.1746449788143,548.6460587400361,15647000
2024-09-20,559.9681396484375,563.1104098679178,554.9305830568934,558.6214872028946,22066800
2024-09-23,563.0205688476562,572.5670177481582,561.0254922344247,568.0980656176895,12830700
2024-09-24,561.9432983398438,566.3524008193639,552.8257831664986,565.2850274737618,12993000
2024-09-25,566.9109497070312,575.4598596541383,562.3322224367156,562.6614271007662,16543400
2024-09-26,566.442138671875,575.9786017718354,560.9656026133786,574.3126690807263,14400800
2024-09-27,565.9633178710938,569.4347925727498,563.1203580570185,568.6965630840433,9398400
2024-09-30,571.0308227539062,573.2652987881467,563.409615584696,566.3025009877178,12792300
2024-10-01,575.0509033203125,581.6047375850964,568.696588902483,576.5571959701899,15259300
2024-10-02,571.39990234375,574.5820519068944,567.9384737210793,573.4448436501182,6524700
2024-10-03,581.3353881835938,581.9239016583299,567.3299121210531,568.7464602798791,11581000
2024-10-04,594.4730224609375,595.3807555940912,579.9987308779406,582.2930569666543,14169500
2024-10-07,583.3405151367188,601.4657702066983,582.6022856022474,596.747372331818,12014200
2024-10-08,591.4305419921875,592.0988756559179,584.5275325974134,588.2384070139852,7857400
2024-10-09,589.056396484375,592.9268502562229,580.1782805790215,592.5278105516344,9529700
2024-10-10,582.392822265625,588.7770310687573,581.0860494842024,586.123605891141,7740400
2024-10-11,588.497802734375,589.7547108844743,581.275634319108,583.3904108975593,8587100
2024-10-14,588.966552734375,598.6227162819703,588.5077240774983,592.7571861404907,8252000
2024-10-15,584.8267822265625,589.156064231629,578.7118677482224,588.7071598322343,9564200
2024-10-16,575.3700561523438,580.6470723772935,572.6169017694289,579.968753684265,11268400
2024-10-17,575.509765625,583.5299516595073,573.7840438446354,581.8940351157374,8701200
2024-10-18,575.0509033203125,582.5324409442791,573.833935758237,579.6695107509672,7694300
2024-10-21,573.744140625,575.8190374770412,567.7090456789956,574.6120550187865,8171900
2024-10-22,580.5772705078125,582.093548193358,570.7116021970829,572.8762432408589,8544500
2024-10-23,562.3023681640625,583.5599069546555,561.1152951487072,578.542260068393,14248400
2024-10-24,566.38232421875,567.479591992889,560.13772472997,565.7338999709095,7184700
2024-10-25,571.8388671875,579.859053715836,570.3126042657578,572.5171859688598,11337900
2024-10-28,576.7366943359375,582.3129600056923,572.7066616790459,580.5672680485018,10925100
2024-10-29,591.819580078125,592.2085737611511,573.9835895525686,578.7218967035824,13019100
2024-10-30,590.3431396484375,599.720023798207,587.9291140679284,599.5005337173036,26864900
2024-10-31,566.1828002929688,588.4478622558274,561.6240429965927,583.559900275625,26838400
2024-11-01,565.7637939453125,572.2577780027567,561.1751421313867,566.2126983561088,15303200
2024-11-04,559.2997436523438,567.2900348471242,556.5166338287846,562.7113074497555,12064600
2024-11-05,571.0208740234375,572.0682771206308,565.2750433492338,565.9034973845316,9775400
2024-11-06,570.6417846679688,571.5894582504264,553.8033329293451,561.3646904544983,18305400
2024-11-07,590.2434692382812,593.3358138498232,573.7940711601258,575.4699283255658,14653700
2024-11-08,587.8892822265625,591.6399753063421,583.0811400386289,590.0838179044933,9415700
2024-11-11,581.734375,585.5549636161717,575.0907969210721,584.9165245119474,10209100
2024-11-12,583.3803100585938,598.183743171499,578.9512379193219,587.0911230181696,16287700
2024-11-13,578.5722045898438,584.1983351227153,573.7540776314343,581.1757648981209,10757600
2024-11-14,575.7391967773438,579.3303713026751,571.5994492314262,575.5796174336194,11053700
2024-11-15,552.7160034179688,571.1604756789561,550.1423377186745,569.8137625280326,17712900
2024-11-18,553.0352783203125,558.5217391731533,548.7358905237554,555.6687332571458,14327300
2024-11-19,559.708740234375,560.0478691297436,549.2445132831879,550.5014211675667,9522400
2024-11-20,564.1278686523438,564.9557815891732,552.8357279952656,561.5442177129146,9797300
2024-11-21,561.703857421875,568.5968201540334,547.6983809906892,568.1180212623364,11154700
2024-11-22,557.7636108398438,562.4420681636524,553.2248234982168,562.1627281992892,9164000
2024-11-25,563.7188110351562,571.180438350859,555.020306948436,560.7162112399558,13599800
2024-11-26,572.1280517578125,576.0783250481356,563.8086170552596,564.6066354584325,10356600
2024-11-27,567.798828125,573.5645679971382,562.7113461243875,573.4748236432217,7200200
2024-11-29,572.9061889648438,577.0360120325538,565.5044720177931,567.5992780397249,7130500
2024-12-02,591.3706665039062,593.036538470844,574.1531451491893,576.0783868240748,12522400
2024-12-03,612.139404296875,612.6880381868189,589.7945219445076,593.5352905826334,14907200
2024-12-04,612.26904296875,616.2591958818068,603.6103575687033,611.4510543153851,14697000
2024-12-05,607.4310302734375,618.3740578152988,605.5556532734184,615.5609923152704,8081200
2024-12-06,622.2344970703125,628.2396363522805,607.0320228219205,608.5981044048992,16935500
2024-12-09,612.0595703125,624.8580035041053,604.6777626799444,622.3840671657603,11426000
2024-12-10,617.7954711914062,624.0500562603173,611.2316516629029,616.0397939169814,10938900
2024-12-11,631.1224975585938,636.8284480526352,619.9999825164779,621.835418815051,10837200
2024-12-12,629.2371826171875,635.0927277561048,625.6660392252307,629.9454567515796,7474700
2024-12-13,618.8229370117188,629.5265657036249,615.3714930308155,625.6760211142185,8453300
2024-12-16,623.2056274414062,630.1042117262369,617.5550328463455,628.9361065383608,10885600
2024-12-17,618.41357421875,631.3221415597952,615.5183552206975,625.1324029345234,12897800
2024-12-18,596.200439453125,626.3204297339289,595.3318859457509,619.9709830820838,17075500
2024-12-19,594.5831298828125,610.5067124391835,594.0140670778993,609.378580008499,14958100
2024-12-20,584.2802124023438,602.1106028930976,579.0389119066372,589.6013973957005,48989400
2024-12-23,598.8560180664062,600.0940145583529,585.2785777785421,588.6230024208112,10205800
2024-12-24,606.742919921875,606.9825124772965,598.286984494369,601.7212257007668,4726100
2024-12-26,602.3502197265625,605.2953437391651,597.9475539437108,604.4766951738098,6081400
2024-12-27,598.8160400390625,600.8526375767375,588.8226180671015,598.416678513708,8084200
2024-12-30,590.26025390625,595.9508206949702,584.6096598318045,587.7743898032761,7025900
2024-12-31,584.539794921875,592.9857373463826,582.8825114890158,591.2886030654797,6019500
