Price,Close,High,Low,Open,Volume
Ticker,TPR,TPR,TPR,TPR,TPR
Date,,,,,
2015-01-02,27.146116256713867,27.5899394494653,26.92783918835073,27.42987311497608,2972800
2015-01-05,26.724119186401367,27.378944896863832,26.571327445796275,27.378944896863832,4521400
2015-01-06,26.411256790161133,26.993322512641022,26.192982491169712,26.898738740899994,6238900
2015-01-07,27.226154327392578,27.226154327392578,26.578605906239446,26.767779039132254,5088300
2015-01-08,27.917354583740234,27.961010556122467,27.298910240288407,27.408046007981316,6341600
2015-01-09,27.79366111755371,27.917348850640213,27.13883554383729,27.895522256685624,5613500
2015-01-12,28.062875747680664,28.106531726334506,27.422601938301867,27.640879056062236,5322000
2015-01-13,27.560840606689453,28.557628387268295,27.386219492142306,28.17928495200653,6294500
2015-01-14,26.89145851135254,27.28435387324925,26.57132309175596,27.02970101396879,4277100
2015-01-15,26.382164001464844,27.066093944071316,26.345785398785864,26.92057675784593,4036100
2015-01-16,26.273021697998047,26.46946943450849,25.938334195280454,26.200261735118925,4711700
2015-01-20,26.22936248779297,26.542223350844594,25.974709587871157,26.433087583238866,3262000
2015-01-21,27.349838256835938,27.50262998259004,26.287568008010023,26.360325179652495,7047400
2015-01-22,27.830047607421875,27.92463416728234,27.28436039943321,27.44442953527266,6490600
2015-01-23,27.371675491333008,27.91008820747128,27.284366296327356,27.86643222221382,4382300
2015-01-26,26.98604965209961,27.284358527648223,26.818705919524383,27.284358527648223,7114800
2015-01-27,26.75322151184082,26.898738635769128,26.396704696991875,26.7241175319535,4185800
2015-01-28,26.527673721313477,26.978777149197292,26.498569737158,26.9423957812486,5273900
2015-01-29,28.33208656311035,29.03056848913341,27.757297990057552,28.172020159144363,19082900
2015-01-30,27.05881118774414,28.230220279874857,26.927846023685493,28.070153904754562,11026600
2015-02-02,27.313467025756836,27.422602812607714,26.687745189312974,27.124293887734353,6281400
2015-02-03,28.15018653869629,28.17201591702552,27.320742325419687,27.34984631285266,4638000
2015-02-04,28.455774307250977,28.659496678655618,27.786396439692794,27.79367382467676,5077400
2015-02-05,28.346635818481445,28.695875359973982,28.11380945748642,28.492152987980624,3686800
2015-02-06,28.53580665588379,28.63039044920027,28.390289498192914,28.484876067018323,2813400
2015-02-09,28.550355911254883,28.797734222953377,28.412113375726843,28.550355911254883,3365400
2015-02-10,28.819562911987305,28.82683752072248,28.51397661044144,28.732253729620854,3385800
2015-02-11,28.783187866210938,28.957806252473976,28.557636110486204,28.863219674201126,2696000
2015-02-12,28.52852439880371,28.957798414141983,28.477593818637175,28.957798414141983,3079400
2015-02-13,28.99417495727539,28.99417495727539,28.484869191553138,28.63038353861192,3744300
2015-02-17,28.71042251586914,29.09604336637915,28.60128673876942,28.9796302055009,2582700
2015-02-18,28.885042190551758,28.943247380305852,28.572181316036428,28.717698453684484,2613800
2015-02-19,29.605344772338867,29.830896452012674,29.10331361171968,29.117865601586534,6821300
2015-02-20,30.223791122436523,30.405686828119688,29.37251777657505,29.612621440320765,9238200
2015-02-23,30.34748649597168,30.420246461833468,30.07828156105532,30.296555907622878,5615200
2015-02-24,31.249685287475586,31.58437274654313,30.573032986247302,30.805859286077634,9565300
2015-02-25,31.49706268310547,31.52616666363448,31.06778868458178,31.227855026474643,6336900
2015-02-26,31.584383010864258,31.628038997085465,31.184212851452497,31.286074043792652,5445000
2015-02-27,31.686227798461914,31.846296889558626,31.424297567761066,31.540710695238342,3819000
2015-03-02,31.693510055541992,31.919058963502053,31.33699323657692,31.686232672732,5748700
2015-03-03,31.031414031982422,31.591650462917414,30.936827471022138,31.58437585461679,4824600
2015-03-04,30.76592445373535,31.308635251318268,30.523902732181718,31.257297819051782,4860500
2015-03-05,30.883277893066406,31.756017331402738,30.883277893066403,31.286644766325008,6465000
2015-03-06,30.384546279907227,30.88325495938516,30.289204174150804,30.82458203347995,4638500
2015-03-09,30.267210006713867,30.472559698029603,30.171867879597396,30.406554040438156,2057100
2015-03-10,29.885862350463867,30.06921119923972,29.70984622465923,29.900530594087705,3537400
2015-03-11,29.58515167236328,29.885843482612444,29.51914601656812,29.73183121831694,4914200
2015-03-12,29.74650764465332,29.81984603898719,29.49715318716558,29.6364972554721,4964100
2015-03-13,30.245216369628906,30.303886525191356,29.62916434898101,29.775841136727333,4592300
2015-03-16,30.37722396850586,30.611912976452995,30.215878947497604,30.325886534865006,2079300
2015-03-17,30.061870574951172,30.457901857978182,30.003197615877138,30.428568176121843,2310000
2015-03-18,30.435895919799805,30.58257549581681,29.849180413411997,30.061865658752644,2932600
2015-03-19,30.25988006591797,30.340553973136206,29.812511412791775,29.856513327507006,2621700
2015-03-20,30.49456214904785,30.67057536333522,30.21587129579998,30.384551791858545,3111100
2015-03-23,30.809926986694336,31.12528710419121,30.553239820210973,30.619245491261022,3800100
2015-03-24,30.861263275146484,31.037276510340746,30.743917388110408,30.802590331628448,2906500
2015-03-25,30.94926643371582,31.46264344140165,30.76591770223371,30.905261730995452,4741300
2015-03-26,29.841842651367188,30.743918199154912,29.746503312155156,30.72191724359521,5556700
2015-03-27,30.296546936035156,30.347884359643217,29.775834385942378,29.959183126736804,2406300
2015-03-30,30.501909255981445,30.56057942252726,30.223218271266322,30.340561402038862,1621300
2015-03-31,30.384546279907227,30.80258108510504,30.333208868579714,30.362545331532317,2094000
2015-04-01,30.52390480041504,30.61924695151879,30.09853707600213,30.23788114478421,2103700
2015-04-02,30.69992446899414,30.795266631293092,30.428569019953326,30.560577586169348,1479600
2015-04-06,31.154624938964844,31.374642919504232,30.70725345984919,30.846600325745783,3054400
2015-04-07,31.06661605834961,31.323303217458644,31.022611346353685,31.139954447329274,1464300
2015-04-08,31.3746395111084,31.5799920286263,31.02994573819211,31.176622510830477,3016900
2015-04-09,31.535985946655273,31.60199161054384,31.088614535597177,31.440643810442893,2382000
2015-04-10,31.557998657226562,31.690010034177167,31.44799104155508,31.55066593525421,1479600
2015-04-13,31.16196632385254,31.631338850086582,31.000618468829234,31.46265827332628,2281300
2015-04-14,30.83193588256836,31.081290370588402,30.707257239717965,31.05928661144965,2028300
2015-04-15,30.626583099365234,31.02995270776101,30.61191765695151,30.912609584686074,2243200
2015-04-16,31.54331398010254,31.785335644301377,31.000603311132313,31.00793602928399,5838900
2015-04-17,31.09596061706543,31.491991937264626,30.582583367703887,31.33797960176044,3405400
2015-04-20,31.19862937927246,31.38197816105331,31.051949794311707,31.183961141008346,2132300
2015-04-21,30.428556442260742,30.941930647787764,30.179202057713507,30.721912731464815,3795000
2015-04-22,30.501909255981445,30.611919665066104,30.23055379063512,30.32589316098218,2790900
2015-04-23,31.073955535888672,31.447988674995216,30.428569739009735,30.428569739009735,3716900
2015-04-24,31.279306411743164,31.35264481270061,30.883272332139377,31.169296012626337,2399000
2015-04-27,31.04462432861328,31.866026279588446,30.97861863984057,31.491993110649396,6512600
2015-04-28,29.079118728637695,29.805178358241044,28.309051585321978,28.983776576075474,17606600
2015-04-29,28.2430477142334,28.668418270005684,27.91302211479428,28.6537500303914,8324700
2015-04-30,28.023025512695312,28.441060487126354,27.744337394861436,28.103699419634676,6388500
2015-05-01,27.77367401123047,28.147707110681395,27.61966169860033,28.052364956237753,4860300
2015-05-04,27.99369239807129,28.096370072297287,27.817679123330695,27.869016561603416,3561800
2015-05-05,27.92035484313965,28.096370920876918,27.773675244638696,27.869017403316413,2844300
2015-05-06,27.847009658813477,27.96435274949171,27.480312150733994,27.905679805312612,2394100
2015-05-07,28.125699996948242,28.19904118302968,27.832343645663055,27.97902322014574,2539600
2015-05-08,28.206375122070312,28.690415780410603,28.111035772563504,28.55840443743777,2360100
2015-05-11,28.177038192749023,28.514402062515234,28.118368039972463,28.206374667977435,2086900
2015-05-12,28.09636116027832,28.272374379188438,27.86167500327838,27.97901808177835,1430800
2015-05-13,27.964353561401367,28.177035996025662,27.759001048492333,27.97168628079667,2677800
2015-05-14,27.69300079345703,28.147707819840832,27.45831455943727,28.05969838382298,3900700
2015-05-15,27.472978591918945,27.781005975452945,27.406972923853104,27.77367045806776,3569100
2015-05-18,27.582990646362305,27.72233471066134,27.472980260344944,27.575655128531636,2248000
2015-05-19,27.41431427001953,27.913023246400467,27.34097306897483,27.70033795989197,4693400
2015-05-20,27.37030029296875,27.590318226332972,27.216288019381775,27.44363867153022,3607100
2015-05-21,27.927692413330078,27.993695299939336,27.35564221692218,27.370310457617855,4440700
2015-05-22,27.52431869506836,28.04503137044302,27.5096504565541,27.927688260009383,2603700
2015-05-26,26.812923431396484,27.333633233728015,26.629574673025097,27.333633233728015,4408200
2015-05-27,25.932851791381836,26.10153233261334,24.935433984377866,25.302131542971658,13241300
2015-05-28,25.808176040649414,26.057530520168374,25.690832920739354,25.925519160559475,4714100
2015-05-29,25.940181732177734,26.10886225533573,25.683494587737318,25.808170401414078,4165100
2015-06-01,26.26287841796875,26.394889754152466,25.837507935225634,25.998855745601322,3954000
2015-06-02,26.28487777709961,26.68091176157863,26.23354034922418,26.28487777709961,3036800
2015-06-03,26.55733871459961,26.675798995294812,26.283399845051182,26.357436461367232,2248400
2015-06-04,26.379648208618164,26.69060536867719,26.216764272787792,26.298206240702978,1815400
2015-06-05,26.50551414489746,26.683205989002737,26.446285413073063,26.4536879454326,2388300
2015-06-08,26.21676254272461,26.586951227498645,26.172338883798133,26.394454354114977,2936700
2015-06-09,26.12051010131836,26.31300977991125,26.068683916539175,26.068683916539175,2195600
2015-06-10,26.0835018157959,26.43888271543209,26.0242730780147,26.23898042982742,3939200
2015-06-11,25.965036392211914,26.268591027270205,25.87619189091372,26.12792033152175,2919100
2015-06-12,26.00205421447754,26.031669989130265,25.787346909034568,25.8465756340243,1840500
2015-06-15,25.950231552124023,26.03907606385584,25.735521393149035,25.83917661853828,3387100
2015-06-16,26.046478271484375,26.15013066002522,25.853978557637866,25.913210107841643,1903900
2015-06-17,26.157535552978516,26.41666651974409,25.950227955250345,25.98724626131461,2368300
2015-06-18,26.50551414489746,26.53512992296768,26.172343702397594,26.194556948108282,4172000
2015-06-19,26.58694839477539,26.77944524764936,26.431469841571584,26.505506440911905,4904000
2015-06-22,26.757238388061523,26.9053144307329,26.564741509609654,26.683201778883635,3102700
2015-06-23,26.82387351989746,26.97194956838641,26.683202827206596,26.74983690781084,2436300
2015-06-24,26.72762107849121,27.216270014200685,26.6683923594162,26.875697112651903,2622400
2015-06-25,26.438879013061523,26.794259862931924,26.379650283574424,26.779451974481166,2373000
2015-06-26,26.742431640625,26.80906572145004,26.431474479651975,26.549934753972515,5948500
2015-06-29,25.905803680419922,26.638775645912332,25.868782554952045,26.512912857130633,2662700
2015-06-30,25.62445831298828,26.150125508061603,25.468979760808605,26.024262725149065,3929600
2015-07-01,26.00946044921875,26.053881288383202,25.668884677834978,25.86878692702247,2921500
2015-07-02,25.9132137298584,26.27599996477553,25.802155969861115,26.039076555160243,1988900
2015-07-06,25.239471435546875,25.92802280053571,25.128413670490758,25.779946721899652,4708900
2015-07-07,25.291290283203125,25.424558432781605,24.66197066243899,25.28388775236675,4987100
2015-07-08,24.358417510986328,25.394944173046312,24.321396381653486,25.061773779260175,5061500
2015-07-09,24.491687774658203,24.839663260922794,24.351014249453737,24.654568895603973,5615200
2015-07-10,24.71380043029785,24.77302915851277,24.22515141918232,24.462071980673738,3031900
2015-07-13,24.684181213378906,25.069177778217917,24.432452798842455,24.965525400052698,6564000
2015-07-14,24.750822067260742,25.054376754017056,24.728611644232508,24.80264827053746,4633400
2015-07-15,24.12150001525879,24.66197524483377,24.069670992512048,24.595341157663373,7507000
2015-07-16,23.914188385009766,24.247358764963977,23.817938536508432,24.21034046148362,5193100
2015-07-17,23.581018447875977,23.847553328725223,23.299674269222486,23.78832461045446,5402100
2015-07-20,23.484769821166992,23.677268108081204,23.447751517288705,23.662460221666777,3456200
2015-07-21,23.218238830566406,23.55881180241777,23.02574051128424,23.45515940440353,4888500
2015-07-22,22.988718032836914,23.292272658191404,22.899873534378834,23.1738123854754,4620500
2015-07-23,22.951702117919922,23.42554325814126,22.929490284912802,23.262660719229675,3322100
2015-07-24,22.559301376342773,23.003528148135437,22.44084109215246,22.899875752508407,3657300
2015-07-27,22.766603469848633,22.7888152986838,22.307568892359196,22.440837041054767,5652000
2015-07-28,22.862855911254883,23.09237394630873,22.581513090817158,22.788819293142513,3828300
2015-07-29,23.284870147705078,23.46256055693873,22.781413282130806,22.848047362113157,3976700
2015-07-30,23.173809051513672,23.255251006848255,23.00352261050286,23.166406521172018,2371000
2015-07-31,23.099775314331055,23.329291911629916,23.055351653828453,23.196023754437736,4147700
2015-08-03,22.529680252075195,22.662948384846015,22.15208767994372,22.662948384846015,7957800
2015-08-04,23.2552547454834,24.195534411693203,22.581511403467328,23.692077538064083,13250700
2015-08-05,23.492176055908203,23.588425914832843,23.136795220243165,23.47736816804935,6206000
2015-08-06,23.36631202697754,23.632848362013114,23.077565272127615,23.529195970458357,4301700
2015-08-07,24.484283447265625,24.72860937542474,23.632849613453118,23.662463978826406,6916300
2015-08-10,24.484283447265625,24.691588241352633,24.39543893898776,24.60274373307477,4402200
2015-08-11,24.165925979614258,24.26217586466603,23.973429033827305,23.973429033827305,3207000
2015-08-12,23.092370986938477,23.810536540561937,22.707374408597786,23.780920767385982,9342400
2015-08-13,23.29227066040039,23.469962466391515,22.90727551317355,23.09977379286583,4807400
2015-08-14,23.64025115966797,23.869769175778156,23.26265850739667,23.39592666845217,3812600
2015-08-17,23.706884384155273,23.729094802090618,23.366310050182708,23.581020171276382,2546400
2015-08-18,24.158510208129883,24.53610135902103,24.03264460828947,24.173318091894345,5722300
2015-08-19,23.751310348510742,24.04005710694462,23.61804076718088,23.951209777952748,2452800
2015-08-20,23.107177734375,23.544000508776794,23.092371259769877,23.544000508776794,3270200
2015-08-21,22.73699188232422,22.92208625354011,22.389014972815218,22.9146837213905,6067100
2015-08-24,21.26363754272461,21.8189205698251,20.44922356603677,21.248831068575164,8649900
2015-08-25,21.02672004699707,22.018825978330074,21.01931610277423,21.8041172444996,6095600
2015-08-26,21.7670955657959,21.8189217585369,21.17479420281611,21.470944884306004,4965300
2015-08-27,22.285364151000977,22.381612609482453,21.86334918076406,22.018827785732153,3891500
2015-08-28,22.18170738220215,22.574107933029595,21.974402603179108,22.06324710500101,3391700
2015-08-31,22.39641761779785,22.796222114265408,22.159497062331702,22.174304950087812,4822800
2015-09-01,21.90777015686035,22.344592991221763,21.796713815210058,21.967000299884372,4347900
2015-09-02,22.063243865966797,22.211319896808593,21.626421128356945,22.211319896808593,4571200
2015-09-03,22.353805541992188,22.645864852085488,22.06174480354043,22.06174480354043,3383600
2015-09-04,21.83709144592285,22.204038286333695,21.612430581461986,22.0692411963136,2842600
2015-09-08,22.57847023010254,22.623402109795485,22.046772273386367,22.27892198488507,4441100
2015-09-09,21.76219367980957,22.77316994647442,21.687306284434715,22.675817332337896,5111800
2015-09-10,22.099191665649414,22.248965064779597,21.717267141075737,21.84457531593363,3556000
2015-09-11,22.04677391052246,22.084216908320553,21.679827104337708,22.05426279575384,2488800
2015-09-14,21.70978355407715,22.00933185378625,21.664851666210524,21.956911079882026,2231300
2015-09-15,22.001840591430664,22.10668355627446,21.672338211518177,21.777179748003167,2642900
2015-09-16,22.40622901916504,22.46613866513773,21.896996314217873,22.076725252135937,2579900
2015-09-17,22.353805541992188,22.825593768170478,22.226497381220515,22.45864705261882,2499100
2015-09-18,21.792156219482422,22.21901265356606,21.70977991523515,22.0018392799537,3260900
2015-09-21,21.93444061279297,22.24896518111857,21.822108777409685,21.911973960044588,1968000
2015-09-22,21.6573543548584,21.73973064086634,21.380271392696123,21.672332121106823,1947300
2015-09-23,21.267942428588867,21.807130622818153,21.23049943881561,21.73224321491314,1720100
2015-09-24,21.515077590942383,21.672341346779472,21.08073218335088,21.20804039393937,3676700
2015-09-25,21.32785987854004,21.837092724721984,21.18557532261669,21.777183062133464,2292800
2015-09-28,20.54903221130371,21.41023406058338,20.53405444006364,21.133151006077615,2431300
2015-09-29,20.773685455322266,20.833595089973727,20.384272115908576,20.57148990273919,3145300
2015-09-30,21.664846420288086,21.69480052882643,20.960907015154252,21.01332777636532,4848100
2015-10-01,21.30539321899414,21.724760828989822,21.073242042218183,21.62740674108792,4173200
2015-10-02,21.979372024536133,22.009326132541098,20.915974765725895,21.04328293855383,3642700
2015-10-05,22.698291778564453,22.975374825585625,22.159104883716445,22.166593769134188,5369600
2015-10-06,22.773178100585938,23.065237475927876,22.526050607213808,22.67582545159155,4075800
2015-10-07,22.728246688842773,23.170080917703597,22.451163649518993,22.765689686532482,3621700
2015-10-08,23.552001953125,23.874015398587286,22.533536571432673,22.61591286799855,4466500
2015-10-09,23.424699783325195,23.664338421990994,23.16259448664987,23.514563558645392,2500600
2015-10-12,23.087703704833984,23.64186833342628,23.03528293877723,23.529537916396272,2081600
2015-10-13,23.065237045288086,23.40222972466679,22.870531750934557,22.997838509412347,2513900
2015-10-14,23.042774200439453,23.1775712861226,22.743225914676284,23.095194971903144,2496200
2015-10-15,22.36130142211914,23.16259362601967,22.331345879219466,23.117661740029064,4512200
2015-10-16,22.233989715576172,22.383763121381012,21.60493769746329,22.33883124247543,7854800
2015-10-19,22.593448638916016,22.70577905550702,22.398741916924195,22.44367379788885,3543500
2015-10-20,22.511070251464844,22.73573249222657,22.41371761365246,22.608424317635844,2853700
2015-10-21,22.511070251464844,23.162588892807655,22.4886050272397,22.93792665204593,4909500
2015-10-22,22.57847023010254,22.78815471593412,22.413719052322605,22.728245066890626,4117400
2015-10-23,22.56349754333496,22.72825018658526,22.11417578847529,22.72825018658526,5600700
2015-10-26,22.705780029296875,22.945418642530807,22.428698418379696,22.72824668492211,4315500
2015-10-27,23.7017765045166,24.772664126972497,23.462137915586048,24.248453642417918,11331400
2015-10-28,23.215009689331055,23.71675350426707,22.765686635478733,23.61940086630573,6927000
2015-10-29,23.11016845703125,23.402227802937144,22.937926974849074,23.21500998051365,2905700
2015-10-30,23.364791870117188,23.499587543173117,23.10268655385016,23.110175440413112,3276000
2015-11-02,23.76917839050293,23.8440658172015,23.05026252225791,23.349810800693334,3401100
2015-11-03,24.375764846801758,24.577960478790672,23.82160015155575,23.933930582096615,4279400
2015-11-04,24.173564910888672,24.503070114745906,23.87401667332573,24.39073827584597,3008700
2015-11-05,24.503068923950195,24.68279642939493,24.136120743864975,24.300873337786975,4360300
2015-11-06,24.008819580078125,24.495584305803458,23.881509948802492,24.338321987802253,3767400
2015-11-09,23.12514877319336,24.00132838991176,22.96788646093156,23.93392984798274,5239900
2015-11-10,23.492095947265625,23.55949305774329,22.705780136959707,22.952907636573837,5436300
2015-11-11,22.645875930786133,23.44716827597031,22.331349816676916,23.44716827597031,6116600
2015-11-12,22.481117248535156,23.14761226268286,22.40622983126539,22.466139479409467,4898200
2015-11-13,21.889507293701172,22.174079181569436,21.522560535857252,22.084213998990347,6141800
2015-11-16,22.001840591430664,22.33134439970196,21.672338211518177,21.86704494238945,3438800
2015-11-17,21.664846420288086,22.091702822559483,21.492606368206403,21.941927994791904,4357300
2015-11-18,22.159107208251953,22.189061324706334,21.530055050761,21.717272920767616,4459200
2015-11-19,22.211524963378906,22.563493996927473,21.964397465704636,22.05426265956746,3044700
2015-11-20,22.878019332885742,22.885508217841732,22.24896728017015,22.376275467704463,4094900
2015-11-23,23.62688446044922,23.656839992377304,22.75819403155214,22.885502185529734,5379300
2015-11-24,24.0911922454834,24.203524101335134,23.244969596479965,23.29739036741937,6860900
2015-11-25,24.255943298339844,24.40571814418422,23.94890614988178,24.15110176326405,4211400
2015-11-27,23.82908821105957,24.383254315447864,23.776667440515535,24.225989147098026,2221500
2015-11-30,23.791643142700195,24.166078817863777,23.349808931738465,23.694289067276767,6319800
2015-12-01,23.641868591308594,24.1136583476831,23.48460629142293,23.963883504436865,4616500
2015-12-02,23.375411987304688,23.890155760522532,23.2921456313901,23.534377655535728,4059700
2015-12-03,22.61086654663086,23.481388380333353,22.451900886526342,23.46624851864403,6689300
2015-12-04,23.148319244384766,23.254295391333308,22.48974968193538,22.610867134783774,5403400
2015-12-07,23.519241333007812,23.57979934815895,22.762265421710147,23.049917076540762,4114000
2015-12-08,23.63277816772461,23.73875573556236,23.17102402461989,23.32241828124804,4637500
2015-12-09,23.095333099365234,23.95071516505276,22.868239480606036,23.299716923103464,4905000
2015-12-10,23.557092666625977,23.663068839706973,22.762267037067296,23.102906798852025,3980900
2015-12-11,22.99692726135254,23.45868302347092,22.92123082622627,23.292148844849397,3293100
2015-12-14,23.53437042236328,23.678196183926897,22.936359033209943,23.481382363844137,6159700
2015-12-15,24.480602264404297,24.677414740249564,24.079404492344562,24.22323032667798,7203100
2015-12-16,25.23000717163086,25.313272091845434,24.533587868599504,24.54872773253864,6851500
2015-12-17,24.707693099975586,25.32084462313953,24.616856799829268,25.31327324700755,5771200
2015-12-18,24.215654373168945,24.707688328081055,23.943142637727362,24.473027690721192,7342800
2015-12-21,24.75310516357422,24.768245023598467,24.12481541073301,24.314057885770065,4689000
2015-12-22,25.002906799316406,25.124022797517934,24.684978386899832,24.813662871649445,4475700
2015-12-23,25.192155838012695,25.32084323650381,24.51844778085653,25.207295701813635,3865900
2015-12-24,24.71525764465332,25.146733560628032,24.639558342426895,25.040757425144154,2726400
2015-12-28,24.692550659179688,25.018050495681436,24.51844656554934,24.66984230842074,2685400
2015-12-29,24.980199813842773,25.154303890271738,24.851515322077887,24.86665229599925,3378900
2015-12-30,24.730396270751953,24.995339514806858,24.684979574013003,24.949919930434596,1398400
2015-12-31,24.77581787109375,24.904505260136265,24.594145294088904,24.684981582591327,2582000
2016-01-04,25.464664459228516,25.479804321155495,24.283784105258313,24.488165022189,6508900
2016-01-05,25.714473724365234,25.881006468341656,25.214869717167836,25.600926177788253,5592000
2016-01-06,24.821239471435547,25.335983294069134,24.503308104451847,25.139167950785467,4493500
2016-01-07,24.896934509277344,25.184586132320486,24.29892291240441,24.29892291240441,5203300
2016-01-08,24.185379028320312,25.169447057555125,24.12482101796458,24.98777158267108,4760000
2016-01-11,24.806093215942383,24.896929488403945,24.208081739668252,24.208081739668252,4162200
2016-01-12,24.669841766357422,25.335981287774526,24.102109908789483,25.139165960076188,3718100
2016-01-13,23.859878540039062,24.94235420939804,23.761470873469985,24.775818602532464,4696600
2016-01-14,24.04155158996582,24.336773133868142,23.080191977101595,23.91286564616654,4181100
2016-01-15,23.791749954223633,23.950714181391223,22.981786068026622,23.375412392172603,5791900
2016-01-19,23.58736801147461,24.33677539389837,23.307287747900947,23.98099581068738,4374200
2016-01-20,23.814456939697266,23.928004459814492,22.754691154531137,23.299714630880406,8553300
2016-01-21,24.57900619506836,24.94992273576385,23.784180704984706,23.905296722628858,4915300
2016-01-22,24.548725128173828,25.31326940637041,24.13238757691802,25.101317108976005,5162600
2016-01-25,22.97421646118164,24.351910780878086,22.84553051383058,24.268645866161936,10744500
2016-01-26,25.23000717163086,25.706899891361626,24.298924308993566,24.806099644236394,16514500
2016-01-27,25.880990982055664,26.698525897903668,25.184574916821287,25.24513145449577,11581000
2016-01-28,27.114870071411133,27.16785814082397,26.138370699146215,26.31247476830742,8616600
2016-01-29,28.045957565307617,28.06109743038933,27.26627328322042,27.402529181321835,12055500
2016-02-01,28.167068481445312,28.37902366645112,27.629616363032067,27.856708522735772,5928600
2016-02-02,28.121654510498047,28.59097873777151,27.803723145959804,28.25033902134974,5272200
2016-02-03,27.569055557250977,28.401730618706498,26.751523245015253,28.27304323903822,9979400
2016-02-04,27.31925392150879,27.46307826913569,26.82721854717309,27.175429573881885,5336400
2016-02-05,26.532001495361328,27.190569639845695,26.29734084294479,27.190569639845695,6189500
2016-02-08,26.06267738342285,26.32761776201289,25.563073464057673,26.25192133602532,5793100
2016-02-09,25.775020599365234,26.289764278255063,25.3965327700423,25.706892674581788,3612300
2016-02-10,25.47222900390625,25.98697262086694,25.351113028599773,25.91127333153,3777900
2016-02-11,25.457096099853516,25.631200181437496,24.942352342286345,25.116456423870325,4983800
2016-02-12,26.138368606567383,26.221636391159382,25.449520871714896,25.73717243095099,4672100
2016-02-16,26.933204650878906,27.00132971162925,26.31248173913626,26.335192980353682,4501600
2016-02-17,27.22841453552246,27.387378725960424,26.872635062761685,27.22841453552246,3935700
2016-02-18,27.485797882080078,27.67504187025504,26.842366589704742,26.986193868803536,3778800
2016-02-19,27.114870071411133,27.569054348559217,26.637974559062396,27.266265793004898,3352300
2016-02-22,27.387380599975586,27.659892309449265,27.26626460550207,27.387380599975586,4144800
2016-02-23,27.970258712768555,29.067874291542953,27.387386951796856,27.425235167416574,4919200
2016-02-24,28.681806564331055,28.772642832678567,27.81128631009884,27.81885479594742,6786400
2016-02-25,29.446353912353516,29.55989852716694,28.560690901117514,28.734794953937783,6923700
2016-02-26,29.196557998657227,29.514489353907333,28.98460568691294,29.453929900475437,3379300
2016-02-29,29.47663688659668,29.68859207615874,29.136000083535432,29.294964309981818,4850000
2016-03-01,29.771846771240234,29.930810927709814,29.469055426660994,29.52204347881752,3888700
2016-03-02,29.678695678710938,29.823769637848162,29.27402181935723,29.533624632237526,2858600
2016-03-03,29.617631912231445,29.846692669320852,29.41147635705131,29.68635043062482,2153300
2016-03-04,29.6099853515625,30.083380731193692,29.281663971000217,29.64816455931618,2830900
2016-03-07,29.92304039001465,29.938311493011657,29.34275303945367,29.487824148927643,3252300
2016-03-08,29.365657806396484,29.968853258927886,29.319847410743233,29.678708131575497,2809800
2016-03-09,29.632890701293945,29.785595867440414,29.159495365713997,29.594711497092987,3375900
2016-03-10,29.846683502197266,30.205547089437335,29.495456921691687,29.53363321737018,4345600
2016-03-11,30.28190040588379,30.396432208326345,29.923036810050856,30.083381916003383,3655700
2016-03-14,30.083372116088867,30.503317067136386,29.95356925476071,30.190266876792187,3383300
2016-03-15,29.67106819152832,29.892494769116315,29.380923121332483,29.793234076979548,2902400
2016-03-16,29.785598754882812,29.90013055325982,29.32747738670403,29.671069869170427,1393600
2016-03-17,30.32771873474121,30.495695050115557,29.671075838948614,29.755065452968395,3241800
2016-03-18,29.98412322998047,30.373526141660637,29.800872916288967,30.373526141660637,3384000
2016-03-21,30.091018676757812,30.213184584278675,29.8085105617405,29.930676469261364,2204200
2016-03-22,29.67106819152832,30.00702364835308,29.548902306077096,29.907762956216317,2666700
2016-03-23,29.587078094482422,30.022294236020365,29.39619371967931,29.533630702550703,2033400
2016-03-24,29.533632278442383,29.55653747258835,29.060239819216847,29.55653747258835,1809800
2016-03-28,29.72452163696289,29.96885345761688,29.350386898212374,29.533637220035395,1866500
2016-03-29,30.091018676757812,30.20555048934955,29.61762614919759,29.671073551696406,2984000
2016-03-30,30.785844802856445,30.946187046711845,30.220828444699613,30.29718106196438,4354500
2016-03-31,30.610227584838867,31.198151984012377,30.419343153133127,30.78584091248831,3337600
2016-04-01,30.938547134399414,31.022536745202157,30.190280557730134,30.190280557730134,2601600
2016-04-04,30.65604019165039,31.221056465406498,30.53387427467621,31.01490093438785,2423500
2016-04-05,30.320077896118164,30.594951902669766,30.304806794346984,30.434609703069615,1940200
2016-04-06,30.770566940307617,30.862190643439845,30.190279603583473,30.39643512012975,2492800
2016-04-07,30.778196334838867,31.64862858095247,30.442237985346395,31.198141359040164,7258300
2016-04-08,29.75506019592285,30.80110585693568,29.625257293735004,30.80110585693568,5455600
2016-04-11,30.01466178894043,30.220817274555394,29.52599531600242,29.839048504008698,4636900
2016-04-12,29.785598754882812,30.12919123734921,29.365653681941488,29.88485945263191,3450900
2016-04-13,30.121553421020508,30.159729711540237,29.327473762487365,29.77796098101441,2866600
2016-04-14,29.564180374145508,30.30480995496993,29.52600115940325,30.136833643297614,2633300
2016-04-15,29.76270294189453,30.091024427224557,29.472557763835674,29.541276281989994,2478000
2016-04-18,30.26662254333496,30.2895277336407,29.594708805280494,29.76268796796013,2492200
2016-04-19,30.59494400024414,30.984349713166857,30.19790419474008,30.587309907662796,4729900
2016-04-20,30.915639877319336,31.06071097825841,30.358254845048627,30.53387106284975,4696200
2016-04-21,30.53387451171875,31.08361968603775,30.28953976320835,30.961453768115167,3400300
2016-04-22,30.75529670715332,31.068347038314904,30.51860189131474,30.75529670715332,3533100
2016-04-25,30.686573028564453,30.90799961668995,30.472783447016862,30.90799961668995,6961000
2016-04-26,31.96169090270996,32.06858572242491,29.823785770414712,30.92327908948117,10676300
2016-04-27,32.068580627441406,32.16784133540585,31.44248000058551,31.80897771537933,4705100
2016-04-28,31.465383529663086,32.04567373182583,31.350854638234885,31.854789333447386,4063800
2016-04-29,30.74766731262207,31.427215483227346,30.396440626436398,31.427215483227346,4395700
2016-05-02,31.564647674560547,31.66390838808807,30.801109997781303,30.915641814364225,3395000
2016-05-03,31.083616256713867,31.526469480740875,30.86982665210216,31.320313970866053,2724500
2016-05-04,30.8621883392334,31.36612595049863,30.7705646429419,30.969086049682407,3039700
2016-05-05,30.25135612487793,30.946175160713242,30.098648036335817,30.854551472653785,3043300
2016-05-06,30.472774505615234,30.533858889656493,29.869579320194674,30.22080870310441,2881500
2016-05-09,31.068336486816406,31.18286826457082,30.304799068891228,30.46514414028023,4148700
2016-05-10,31.007274627685547,31.09889836026514,30.63313977459781,30.96146130506278,3700000
2016-05-11,29.15186882019043,30.213185728081676,29.136597717089067,30.213185728081676,6220500
2016-05-12,29.022062301635742,29.31220739925551,28.716649015472857,29.281665196839803,6428900
2016-05-13,28.479951858520508,29.02969986182146,27.976017159716235,28.815910266166554,7712500
2016-05-16,28.7471923828125,28.97625308488309,28.35015247331322,28.56394207355712,3503900
2016-05-17,28.922800064086914,29.17476591359912,28.32723885924442,28.63265501109515,4399500
2016-05-18,28.541038513183594,28.884631042317366,28.380693391144483,28.808275528807073,3191200
2016-05-19,29.09078598022461,29.174775595489425,28.640298608712186,28.701383024419414,3315100
2016-05-20,29.877227783203125,29.953580379874104,29.02206355463092,29.182408667903744,4498800
2016-05-23,29.686344146728516,30.144465563933874,29.64816784740556,29.823781154423113,2836300
2016-05-24,30.14447021484375,30.213188729293442,29.755067241405744,29.785606537976975,2641200
2016-05-25,30.16737174987793,30.243727263691706,29.785602918804145,29.968853239292176,2785100
2016-05-26,30.02992820739746,30.587310175975976,29.907759423711532,30.388788815150463,2761100
2016-05-27,30.236085891723633,30.266628092840705,29.907764511376637,30.07574370485592,2664900
2016-05-31,30.098649978637695,30.442242471863754,29.686341899431145,30.274266185025795,4941800
2016-06-01,30.29735565185547,30.659322964646954,29.943091396447755,30.351265302119444,4196100
2016-06-02,30.628501892089844,30.70551480178485,30.035493086304914,30.274237806926127,3804000
2016-06-03,29.881467819213867,30.566892784261224,29.80445490052376,30.466776577534993,4713000
2016-06-06,29.55801773071289,29.966191594176582,29.326975976636373,29.889178655436176,4065100
2016-06-07,30.151018142700195,30.235731175960726,29.27305502757125,29.32696759470716,2795200
2016-06-08,30.204931259155273,30.351256992976243,29.989289779279087,30.220334431850343,1834000
2016-06-09,29.758243560791016,29.896869156211512,29.24995069020065,29.86606281548377,3928600
2016-06-10,29.149839401245117,29.56571629949413,28.903394484769066,29.519509713814337,3349600
2016-06-13,29.111326217651367,29.350070960718625,28.91109087090633,29.018910129757845,2316400
2016-06-14,28.841779708862305,29.350072627931624,28.564528491578194,28.980405317504356,2304000
2016-06-15,29.511804580688477,29.765952535461835,28.92649867971352,29.03431795585194,3168600
2016-06-16,29.48870277404785,29.604222173788298,29.165241991493417,29.41168690303247,2201600
2016-06-17,29.912281036376953,29.919981154873817,29.30386885019228,29.457897660826465,2908300
2016-06-20,30.34355926513672,30.620807581917127,30.189530463910916,30.212633755845527,2447400
2016-06-21,31.121402740478516,31.159909209153437,30.40517125927506,30.420574434316077,5426300
2016-06-22,31.028982162475586,31.35243997821999,30.89805666239703,31.082891798432986,3126900
2016-06-23,31.13681411743164,31.46027206493103,31.02899480159851,31.267736732984435,2485800
2016-06-24,29.63502311706543,30.405164059622813,29.465591169589352,30.0663031025252,5180100
2016-06-27,28.810972213745117,29.326968167036085,28.302679314990087,29.280758653383987,5156500
2016-06-28,29.681238174438477,29.896876738513193,29.12673565212624,29.12673565212624,2872700
2016-06-29,30.69782066345215,30.782536643325102,30.05860222466876,30.08170845235987,3783600
2016-06-30,31.375539779663086,31.375539779663086,30.574592583991734,30.72862134282918,4164600
2016-07-01,31.36785125732422,31.806831513767026,31.283135253825506,31.560386560601085,3983200
2016-07-05,30.782535552978516,31.390944687338408,30.71322274806984,31.26772224948461,3336300
2016-07-06,30.8210506439209,30.867260172750335,30.181832048796647,30.75173781960448,4786800
2016-07-07,31.244611740112305,31.260014908516325,30.890347680381765,30.98276375295191,2645900
2016-07-08,32.00706481933594,32.09948092771353,31.36784630324109,31.398652651985326,4975200
2016-07-11,32.33051681518555,32.53075510792126,32.045565485520434,32.18419109192067,3540100
2016-07-12,32.80030822753906,32.838814693396124,32.26891194785959,32.26891194785959,3779800
2016-07-13,32.35361862182617,32.83110810549316,32.23809924701986,32.66167616368523,2105800
2016-07-14,32.48455047607422,32.715592208852044,32.36132802273571,32.47684742019711,1952500
2016-07-15,32.57695770263672,32.73868657771585,32.46913845258396,32.60776404203872,2084800
2016-07-18,33.40100860595703,33.59354382286132,32.800299669329014,32.931222206653885,5030000
2016-07-19,33.331703186035156,33.331703186035156,32.83111327402544,33.19307756416049,2744600
2016-07-20,33.14686584472656,33.33169802000934,33.10065633197864,33.32399790347858,1737500
2016-07-21,32.900428771972656,33.2469899171084,32.83881607372754,33.14687368924282,2160800
2016-07-22,33.06216049194336,33.1314733143987,32.60007696747804,32.8003123779849,1841100
2016-07-25,33.31630325317383,33.37791595237961,33.01594868918365,33.07756138838943,2348600
2016-07-26,33.216190338134766,33.547351284771835,32.98514856876961,33.200787161796356,2576800
2016-07-27,33.193077087402344,33.66286358391277,32.90812573002163,33.56274736566176,4105600
2016-07-28,32.96204376220703,33.15457906798844,32.71559880583527,33.15457906798844,3061800
2016-07-29,33.20077896118164,33.43952079081886,32.63857638404384,32.94663102115584,4887000
2016-08-01,33.4703254699707,33.5704446175299,33.023645240141704,33.5704446175299,4324500
2016-08-02,32.091773986816406,33.42412049909733,32.030164234641056,33.36250780906722,4242400
2016-08-03,32.15338134765625,32.230394259574794,30.31274513697285,30.397461102795813,5847700
2016-08-04,31.88383674621582,32.55385855518258,31.83762723123878,32.23810088080931,3067500
2016-08-05,32.369022369384766,32.484544684103646,32.0455645887391,32.34591908158279,4269700
2016-08-08,31.92234992980957,32.53076211813652,31.752917943729855,32.46914941852382,9343100
2016-08-09,31.206113815307617,32.268909222769146,30.805640140932915,30.828743430925087,10216000
2016-08-10,30.497583389282227,31.421753206078172,30.281944842576618,31.306233815137965,6436400
2016-08-11,30.705524444580078,31.206117328366883,30.55149563896451,30.98277570711707,4375800
2016-08-12,30.289640426635742,30.76712692135692,30.16641507279375,30.574591712760007,4326300
2016-08-15,30.59000587463379,30.77483809610872,30.243441787049306,30.42057389006911,4530800
2016-08-16,30.38205909729004,30.543787981230107,30.251133616585424,30.489878353250084,2851200
2016-08-17,30.204931259155273,30.48218249195694,29.93538014377374,30.358957110396382,3453700
2016-08-18,30.3897647857666,30.443674423631254,30.19722952543429,30.320451974532773,2099600
2016-08-19,31.044382095336914,31.11369489688468,30.374357367757003,30.39746359350927,4848700
2016-08-22,30.620811462402344,31.05979462977618,30.566901815819758,30.890362633170678,2415100
2016-08-23,31.16761016845703,31.275429448634178,30.659317177725455,30.867255620004972,3253500
2016-08-24,30.705524444580078,31.129101456631545,30.651614803292894,31.013582055811206,2522100
2016-08-25,30.674718856811523,31.0520863190407,30.53609323538104,30.682418974511037,2859900
2016-08-26,29.9661922454834,30.836452573870286,29.758253780938457,30.64391728497927,3130800
2016-08-29,30.027795791625977,30.335850397202297,29.966183107798035,30.120211879513427,2865400
2016-08-30,29.71974754333496,30.004698950524354,29.627331426543474,29.912282833732867,1939100
2016-08-31,29.403987884521484,29.866071376474636,29.18834931332404,29.65043280527719,2929700
2016-09-01,29.565723419189453,29.61193295385207,29.280771966742957,29.34238174177059,2441200
2016-09-02,29.38087272644043,29.796746526114408,29.334663220763762,29.70433045261508,1953300
2016-09-06,29.14214515686035,29.558022138934284,28.957309963320025,29.49640942846893,3131800
2016-09-07,29.67353057861328,29.696636805411327,28.941899008762288,29.165237656875984,4912000
2016-09-08,29.073719024658203,29.703055034519213,29.065950761558295,29.501047591520127,2415500
2016-09-09,28.428852081298828,29.065956479594906,28.30453910026192,28.941643498557994,3555100
2016-09-12,28.9416446685791,29.058189389699425,28.125840512302982,28.164687764724633,3115400
2016-09-13,28.195770263671875,28.887261520002994,27.96268375625829,28.70079053575868,3489500
2016-09-14,27.558664321899414,27.706285077323535,26.84386237743574,27.348885587019495,7915000
2016-09-15,27.869443893432617,27.877215122392478,27.44988940911891,27.54312340964913,4266500
2016-09-16,27.224567413330078,27.768437774691364,27.10025444192079,27.768437774691364,4845800
2016-09-19,27.923826217651367,28.226841858124523,27.403266586303193,27.434345569508896,4287900
2016-09-20,27.84613800048828,28.17245850614149,27.752903993709598,28.133611250305005,2230200
2016-09-21,27.993751525878906,28.048138262770014,27.675199368150334,27.908285806805775,3181100
2016-09-22,28.452163696289062,28.55316893327957,28.071456436937837,28.25015618616371,4357200
2016-09-23,28.00152015686035,28.584237681392853,27.99374893010801,28.351151264350772,2305300
2016-09-26,27.636350631713867,27.954902772260525,27.543116654051474,27.892747775103835,2396600
2016-09-27,27.698503494262695,27.76065847997852,27.47318537285273,27.636345544692706,2300400
2016-09-28,27.892744064331055,27.947130791053215,27.6052679786804,27.752891634515684,2627400
2016-09-29,28.133607864379883,28.654170514276217,27.947139873264238,27.97821589587999,3112400
2016-09-30,28.405550003051758,28.926109789021375,28.390010506833224,28.42885776545164,4743300
2016-10-03,28.389995574951172,28.568695241692435,28.149137956028103,28.242371920446523,2304800
2016-10-04,28.568700790405273,28.60754803613681,28.1258356685851,28.343382615765574,2615800
2016-10-05,28.475467681884766,28.817327604211876,28.467696454187013,28.592009422656414,3485200
2016-10-06,28.413311004638672,28.459929481375063,27.892751351763533,28.25791904603912,3552200
2016-10-07,28.358919143676758,28.75516575090336,28.195758950339602,28.599776784213436,2187000
2016-10-10,28.491003036499023,28.85617366302911,28.45215579117461,28.592008245426356,1824100
2016-10-11,28.16468620300293,28.62309086941291,28.055912716711614,28.491006661876874,3322800
2016-10-12,28.382226943969727,28.452153164640425,28.164680019151806,28.25014572928872,2309300
2016-10-13,28.195770263671875,28.335622760891173,27.48873951166575,27.815060029273617,4580700
2016-10-14,27.86166763305664,28.43661392916928,27.85389640632684,28.37445893460381,1950300
2016-10-17,27.100252151489258,27.985982368403093,26.470916119750846,27.853898180275625,6466900
2016-10-18,27.364418029785156,27.49649925630661,27.18571833068593,27.33333904806664,2904800
2016-10-19,27.838367462158203,27.846135727149047,27.22457079294256,27.403270526285965,2737200
2016-10-20,27.900524139404297,27.95491088915347,27.605279666583378,27.846137389655123,2196100
2016-10-21,27.620811462402344,28.273455241331938,27.605271971968932,28.055908302973656,4284400
2016-10-24,27.970449447631836,28.10253070292836,27.69074447893864,27.737362961672666,3877100
2016-10-25,27.698503494262695,27.846124178710177,27.449877623691066,27.581958820746046,3465300
2016-10-26,27.752893447875977,27.970440368979038,27.558654278646955,27.6208092715959,2874600
2016-10-27,27.597511291503906,27.978218538235847,27.426579813625164,27.822829518915782,4901600
2016-10-28,27.752893447875977,27.88497466030155,27.232330933137856,27.535343562918406,5359700
2016-10-31,27.88497543334961,28.094754097595132,27.644120753695358,27.737354727630727,6067600
2016-11-01,28.49877166748047,29.477735794198768,28.172448316004658,28.739629308716076,8531300
2016-11-02,27.558664321899414,28.77848651209125,27.519814102811747,28.22684778177124,5473300
2016-11-03,27.426570892333984,27.71404404119376,27.240102944261817,27.620810067157674,3591400
2016-11-04,27.457651138305664,27.892747976970245,27.38772491358912,27.457651138305664,3211200
2016-11-07,28.180227279663086,28.23461402586538,27.91606181359963,27.931601307351055,3055500
2016-11-08,28.00152015686035,28.31230105829826,27.83058873456401,28.141372599856517,3216000
2016-11-09,28.250154495239258,28.374467485688434,26.93709538452335,27.496505323472398,4709700
2016-11-10,28.52985382080078,28.980487210586784,28.320075135194315,28.320075135194315,5797300
2016-11-11,28.7396240234375,28.770700032837983,28.226832820154257,28.312295550823112,3083000
2016-11-14,29.508821487426758,29.912839414400775,28.97272231555915,28.996030073162668,5247200
2016-11-15,29.089262008666992,29.81183208178926,28.98048852907526,29.493279907047025,3048000
2016-11-16,29.22911262512207,29.368965079718503,28.933871188845018,28.949407715929205,1846500
2016-11-17,29.501049041748047,29.524356796048227,29.135878417152856,29.337885870082328,1691600
2016-11-18,29.52435874938965,29.679750703999545,29.229114332016348,29.415585270319227,3620300
2016-11-21,29.64089584350586,29.85067151991832,29.477732702951137,29.52435116651738,2614800
2016-11-22,29.89729118347168,30.099301569845903,29.648665295514466,29.75743875101395,2662900
2016-11-23,29.81960105895996,30.122613718910504,29.72636411447148,29.873987794650837,1930600
2016-11-25,29.79629135131836,30.099306985399128,29.67197838497301,29.951683300213773,1235500
2016-11-28,29.392274856567383,29.77298199888695,29.18249618139232,29.75744250844568,2206500
2016-11-29,29.05819320678711,29.56321348231881,29.019342985406713,29.283508485972263,3709700
2016-11-30,28.273452758789062,29.128106874455597,28.195758277298687,29.01156218836555,3730400
2016-12-01,28.1879940032959,28.630859177501865,28.086991745217496,28.27345973232779,2721000
2016-12-02,28.14914321899414,28.5609293556991,28.009290764291546,28.133603728043315,2638000
2016-12-05,29.12034034729004,29.159187594304203,28.211302318967782,28.211302318967782,4195600
2016-12-06,29.41558074951172,29.5010464596049,29.097028625253675,29.19026259814871,2888300
2016-12-07,29.96278953552246,30.00198672466777,29.398340442057723,29.437537631203035,2160200
2016-12-08,30.29204750061035,30.433159764601996,29.79031633555278,29.939266840631234,2715700
2016-12-09,30.245014190673828,30.46452084311749,30.025504547676313,30.29204962159527,1711300
2016-12-12,29.853025436401367,30.205803001953413,29.743269159627726,30.096049715732534,2137100
2016-12-13,29.860868453979492,30.08037506155011,29.70407673833481,29.915745105872148,2409900
2016-12-14,29.58649253845215,29.91575253153673,29.539454114916932,29.813837442487415,2217200
2016-12-15,28.504619598388672,29.70407043606111,28.285113037390477,29.672711501474907,4211400
2016-12-16,27.68931770324707,28.53599137478009,27.548205424658235,28.512470667979315,8720500
2016-12-19,27.657958984375,27.908824594938867,27.516846704613577,27.712835649776224,2802600
2016-12-20,28.08129119873047,28.238082927148117,27.752031260551547,27.752031260551547,3638200
2016-12-21,27.955860137939453,28.230243436674424,27.85394505960061,28.0264162705504,1940000
2016-12-22,26.8426456451416,27.987220298926655,26.779927750962468,27.97154082538187,3656000
2016-12-23,26.936716079711914,27.42276773574341,26.842642240927557,26.944554320213353,2392400
2016-12-27,26.99942970275879,27.21109807296161,26.905355868408627,26.960232520992328,2034600
2016-12-28,27.548200607299805,27.595239022121785,26.82696285668334,27.171902260384247,3403200
2016-12-29,27.446287155151367,27.73635291115682,27.273818938410226,27.50900504527804,2179400
2016-12-30,27.45412826538086,27.67363489874706,27.344374948697762,27.493325451260027,2044200
2017-01-03,27.838266372680664,28.144011616329156,27.31301747440072,27.31301747440072,3166300
2017-01-04,28.410558700561523,28.88876921290784,27.916665723240296,27.97154238843666,3889800
2017-01-05,27.665794372558594,27.767706449315625,26.975912593966857,27.446284766770614,4949400
2017-01-06,27.861785888671875,27.95585973394243,27.46980804439868,27.744191339168466,2601900
2017-01-09,27.430614471435547,27.90882499237706,27.35221709792168,27.893148508228304,2857800
2017-01-10,27.814743041992188,28.081288053279813,27.469803670553617,27.52468032076991,2680500
2017-01-11,27.548200607299805,27.90881948260804,27.399250112860344,27.861784058339484,3091700
2017-01-12,27.524688720703125,27.673639246667626,27.320858537221113,27.391414679110415,1801400
2017-01-13,27.50116539001465,27.697154300751173,27.352211903900685,27.603077470399157,1685500
2017-01-17,28.0107364654541,28.33999941058438,27.626599851781346,27.657955806583672,2658900
2017-01-18,27.71282958984375,27.94017743425148,27.477643505187242,27.94017743425148,2501400
2017-01-19,27.516841888427734,27.877463757229513,27.391409105099907,27.80690762969802,1835600
2017-01-20,27.681472778320312,27.704990488889347,27.21109763306703,27.634434366629016,2618500
2017-01-23,27.78339385986328,27.924506150139315,26.91320539056668,27.399257173431792,2565100
2017-01-24,28.810365676879883,28.84956285520041,28.042089617696117,28.049927857139018,4368800
2017-01-25,28.426239013671875,28.927973291068213,28.371362341083184,28.81037871234709,4043200
2017-01-26,28.144010543823242,28.606544521804302,28.104810366773645,28.316478762516194,2354200
2017-01-27,27.89314079284668,28.21456245896166,27.759866790014367,28.159682817404928,2880200
2017-01-30,28.206729888916016,28.316483224621063,27.642280744656784,27.79907250590147,4491700
2017-01-31,29.280744552612305,29.461056997478458,27.932342765894468,28.481112360636633,13016400
2017-02-01,29.641357421875,30.02549392778393,28.967155238627562,29.68055459729694,8912900
2017-02-02,28.9985294342041,29.845200232936566,28.943649771072373,29.806003036889074,4768300
2017-02-03,28.826047897338867,29.16314904606214,28.70061512041067,28.98283961613744,3949900
2017-02-06,29.131790161132812,29.147469632098648,28.622217821679772,28.763330069818974,4792200
2017-02-07,28.912290573120117,29.131797238865555,28.81037548235801,28.83389319924387,3835200
2017-02-08,29.37481689453125,29.3904963651871,28.763329501166087,28.84956509449664,2810400
2017-02-09,29.42186164855957,29.75112465566815,29.366984979133843,29.49241779361468,2871800
2017-02-10,29.845197677612305,29.93143329586598,29.46106100246025,29.562973105347226,4263900
2017-02-13,29.89223289489746,30.292049002325406,29.829515000879233,29.907912368402016,2568600
2017-02-14,29.868711471557617,30.22149214054764,29.82167604272809,29.82167604272809,3906100
2017-02-15,29.907917022705078,29.994149654569078,29.743284020563756,29.7903224483976,3206100
2017-02-16,29.758960723876953,30.14310037234422,29.49241563876092,29.93927019460927,3794500
2017-02-17,29.9549503326416,29.978471040165253,29.594331383188695,29.610010858019784,4967200
2017-02-21,30.30772590637207,30.542912007894014,30.072539804850127,30.143095934362062,2932900
2017-02-22,30.28421401977539,30.346928929988668,30.127422258411034,30.307731737286108,2537000
2017-02-23,29.75112533569336,30.40180714113725,29.68056918902554,30.315571518481665,3378100
2017-02-24,29.80600357055664,30.017672021668208,29.421863865082813,29.704088466564905,2983700
2017-02-27,30.346925735473633,30.46452029175666,29.711923505095918,29.79031788224874,3340900
2017-02-28,29.860868453979492,30.39395849283948,29.72759444898788,30.25284624781459,3789000
2017-03-01,30.09606170654297,30.127420655257975,29.633527679935433,30.0176673253094,3795300
2017-03-02,30.127422332763672,30.393967430574662,30.064704431841502,30.158781283224755,2571200
2017-03-03,29.845197677612305,30.25285506082252,29.57865258053463,30.221496110447706,2481900
2017-03-06,29.80600357055664,29.860880244116554,29.492420015453334,29.813841813684736,2489800
2017-03-07,29.649206161499023,29.805997909269994,29.421858276758815,29.766800719965712,3268200
2017-03-08,30.612661361694336,30.691762637265544,29.702981605024256,29.805815677283015,3437800
2017-03-09,30.43865394592285,30.61268048189806,30.320001958457855,30.541488082410215,2633600
2017-03-10,31.06356430053711,31.087294094241297,30.541487716390357,30.55730858470051,4348000
2017-03-13,30.778785705566406,31.23758169983202,30.6443128905362,31.055643276229308,4047200
2017-03-14,30.82625389099121,30.91326714828256,30.63640650985356,30.69177803403501,2011000
2017-03-15,31.530261993408203,31.759660004067808,30.889530555279382,30.889530555279382,5054400
2017-03-16,31.37996482849121,31.633095641127316,31.19802941434756,31.474890014800255,2759800
2017-03-17,31.435340881347656,31.490712400609116,31.07146701795902,31.395787209713912,3658900
2017-03-20,30.9686336517334,31.490710093319098,30.77878630137439,31.474889229329076,2103100
2017-03-21,30.59685516357422,31.047739288915974,30.17761277063019,31.047739288915974,3045800
2017-03-22,30.48611068725586,30.517752418168918,29.995672910668073,30.486110687255856,3055600
2017-03-23,30.75506019592285,30.968637359074172,30.636405210553797,30.794610851871994,1552600
2017-03-24,30.921180725097656,31.07147445369975,30.723424389689644,30.976552257610123,2065300
2017-03-27,31.664730072021484,31.688462874151277,30.675948813039838,30.683860752923415,4166000
2017-03-28,32.36083984375,32.4320322303223,31.52235207051195,31.641007053972977,4951400
2017-03-29,32.74053192138672,32.8750077719358,32.242185209975716,32.25009715163711,4831900
2017-03-30,32.977840423583984,32.985752365617294,32.49531757281331,32.54277715492618,3854300
2017-03-31,32.69306564331055,32.94619340922482,32.5744106828728,32.922460606624675,3602300
2017-04-03,32.13145065307617,32.72471969845989,32.06025824692923,32.68516903227213,3915700
2017-04-04,31.292951583862305,31.98905144455979,31.055641658488884,31.96532165903087,4929700
2017-04-05,31.118925094604492,31.53816739885462,31.063553583383573,31.324590276636332,2888600
2017-04-06,31.672645568847656,31.92577335817237,31.118927398129372,31.229670428768777,4735700
2017-04-07,31.348325729370117,31.61727438554202,31.253400544235586,31.474889625361524,2492500
2017-04-10,31.34041404724121,31.672646162912166,31.134748846127824,31.41160642791918,2095900
2017-04-11,31.688467025756836,31.71219681347461,31.182208420114122,31.316684258064612,2082100
2017-04-12,31.751747131347656,31.85458123957798,31.569811719876352,31.72801734387962,3517300
2017-04-13,31.427433013916016,31.85458737575152,31.419524089076933,31.696381721272978,1696300
2017-04-17,31.419517517089844,31.633094653333895,31.245491031812193,31.498618819022642,1874300
2017-04-18,31.261306762695312,31.332499129753767,30.96862837257533,31.190114395636858,2070200
2017-04-19,31.174299240112305,31.546082004744296,31.126836647546103,31.419518108755728,3131300
2017-04-20,31.466983795166016,31.56981792360408,31.245497688550383,31.387882476380973,3598600
2017-04-21,30.936996459960938,31.474893844407088,30.85789212841197,31.4432521117875,3875100
2017-04-24,31.08728790283203,31.26922332588104,30.707596191574776,31.23758461308405,4953900
2017-04-25,31.30086898803711,31.514446168232947,31.095203750175486,31.348331589476807,2235500
2017-04-26,31.18221092224121,31.45907154375689,31.07937982219858,31.277136115771963,2619300
2017-04-27,31.498628616333008,31.601462754848097,31.205950087121643,31.34042294573799,2219900
2017-04-28,31.158477783203125,31.514439676875003,30.99236323866333,31.514439676875003,3224800
2017-05-01,30.644309997558594,31.28503831989652,30.43073288427231,31.253396595516126,5668500
2017-05-02,34.13273239135742,34.38586016800884,32.33710515119064,32.59814185069693,14411700
2017-05-03,33.74513244628906,34.67063343179445,33.555285084447476,34.11691522873805,5415900
2017-05-04,33.66602325439453,34.03780293225019,33.49990572011781,33.863779493633764,2589000
2017-05-05,33.74513244628906,33.855875483396055,33.48409571846851,33.753041370001796,2611100
2017-05-08,35.36674118041992,36.830139826619984,35.17689679425131,36.078665172357475,13705200
2017-05-09,35.754337310791016,36.29223465309882,35.24016975732808,35.54076015862279,5374600
2017-05-10,36.339691162109375,36.42670440388808,35.59612867171888,35.93626969820589,4774400
2017-05-11,36.17357635498047,36.2684985191725,35.35090955192635,36.13402570469389,3808700
2017-05-12,35.80970764160156,36.06283543928622,35.627772225610805,36.06283543928622,3347000
2017-05-15,35.92045593261719,36.30805962690079,35.809712882113814,35.83344267364402,3547600
2017-05-16,35.58821487426758,35.825521762738695,35.44583013768075,35.76223831646863,2479400
2017-05-17,35.398372650146484,35.80179411688574,35.1610657275045,35.588219998772814,3328400
2017-05-18,35.33509063720703,35.857170112861375,35.31136084923051,35.3983740951729,2694300
2017-05-19,35.84926223754883,36.126119853744754,35.25599333068182,35.39837810973164,2492300
2017-05-22,36.18149185180664,36.489991178893845,35.754337544675984,35.88090144854564,3102500
2017-05-23,36.39505386352539,36.48997902294623,36.1972976410127,36.33968236262348,2919700
2017-05-24,36.47416687011719,36.57700097527797,36.039103680235556,36.20521822259598,3331900
2017-05-25,36.442527770996094,37.00415489330283,36.41088604135366,36.75102709120623,1924600
2017-05-26,36.64818572998047,36.72728701440666,36.41878778061569,36.45833842282879,1438700
2017-05-30,36.442527770996094,36.948783375189294,36.26850127548415,36.758939032377555,2452000
2017-05-31,36.553279876708984,36.57701268859003,36.00747348379968,36.4899994192446,3136700
2017-06-01,36.51372146606445,36.85386252814011,36.37924863653393,36.64819731311651,2807000
2017-06-02,36.38715744018555,36.75894023181172,36.29223526568239,36.67983590512449,2972100
2017-06-05,36.830135345458984,36.861774060956165,36.189403830673655,36.35551840274038,2373500
2017-06-06,36.78266906738281,37.04370881240034,36.45043995647481,36.529541263589635,3367600
2017-06-07,36.932472229003906,37.044029178878596,36.4862565879695,36.78107807074096,2223500
2017-06-08,37.044029235839844,37.6894491575045,36.93247228579362,36.93247228579362,3312900
2017-06-09,37.227291107177734,37.57788949192254,36.99621344832484,37.12370404637892,2830200
2017-06-12,36.948402404785156,37.46633465613537,36.78903840132236,37.227290170748944,3666800
2017-06-13,36.76514434814453,37.028095477628064,36.58984359515551,36.97231851797089,2891500
2017-06-14,36.884666442871094,36.92450669227488,36.486257869600806,36.773112528694,2693800
2017-06-15,36.709354400634766,36.85278168604155,36.47827676974436,36.645610629129116,2961600
2017-06-16,36.836849212646484,37.05199016545786,36.41453717913654,36.58186801811796,3525400
2017-06-19,37.091835021972656,37.23526234169148,36.78107684245387,36.97231428195096,1581900
2017-06-20,36.41454315185547,37.13964661265547,36.38266973740762,37.13964661265547,1674300
2017-06-21,37.091835021972656,37.15558184834368,36.52609561620174,36.52609561620174,3107700
2017-06-22,37.03605651855469,37.35478455783742,36.82091554798122,37.083866636331855,2097200
2017-06-23,37.21931838989258,37.23525509338306,36.852783328457775,37.09979767313708,2315700
2017-06-26,37.65757369995117,38.05598223822225,37.43446589119647,37.530083089289064,2070200
2017-06-27,37.546024322509766,37.80100557457715,37.44244027859359,37.63367469783598,1839300
2017-06-28,37.713348388671875,38.016136646657685,37.625698036238695,37.64960157249666,1838400
2017-06-29,37.33885192871094,37.976305037260126,37.17152105764481,37.76913391683771,2057700
2017-06-30,37.721317291259766,38.0400453103986,37.63366693401581,37.78506107131813,2189000
2017-07-03,37.713348388671875,38.024106518487336,37.68944181279842,37.72131522088603,1169200
2017-07-05,37.53007507324219,37.729279299829706,37.29103060926022,37.72131246819692,2898400
2017-07-06,37.19541931152344,37.450400518694224,36.844820911567545,37.40259040249379,2600500
2017-07-07,37.99224090576172,38.14363506581813,37.243233899712344,37.291040982037465,2677000
2017-07-10,37.90457534790039,38.127683081666746,37.832861713530505,37.952385450685284,2618300
2017-07-11,37.458377838134766,38.00818368970383,37.43447429315058,37.872723175688044,1828900
2017-07-12,37.490238189697266,37.6336654888404,37.26713040863707,37.62569865649491,2031900
2017-07-13,37.80099105834961,38.071908914586146,37.609756712544474,37.713343756297746,1841200
2017-07-14,38.23925018310547,38.34283420733351,37.88068191565839,37.92848899157419,2071700
2017-07-17,38.19940948486328,38.565947649506164,38.18347277860786,38.31893326197099,1602500
2017-07-18,38.04801559448242,38.1994097455181,37.880684737082575,38.15956949941565,1225600
2017-07-19,38.366737365722656,38.41454443737796,38.0480093698152,38.10378631315669,1217100
2017-07-20,38.31096649169922,38.55001100669212,38.15956930183152,38.44642393566936,1701000
2017-07-21,38.83686828613281,38.924515617228614,38.25518910588383,38.43845972079939,2220300
2017-07-24,38.68547821044922,38.85280910919782,38.446433635148836,38.645637954501936,1940300
2017-07-25,38.661563873291016,38.828894725332944,38.31096546335329,38.78108460777132,2224600
2017-07-26,38.159568786621094,38.76515145868382,38.103791835196354,38.76515145868382,2882700
2017-07-27,38.22331619262695,38.25518656562908,37.75319399516634,38.19144278000889,4513300
2017-07-28,38.79701232910156,38.83685560431736,38.032068862954475,38.151592609371576,3814200
2017-07-31,37.56196975708008,38.5022144823715,37.291051733867,38.35878711481064,7497000
2017-08-01,38.07988357543945,38.11972381585903,37.33087368124318,37.53007792295657,3335700
2017-08-02,36.828887939453125,37.92849336698648,36.72530086365961,37.92849336698648,3444500
2017-08-03,36.773109436035156,37.028090658314646,36.47828492808655,36.81294968208834,2776800
2017-08-04,37.458377838134766,37.57790164228889,36.73327425732068,36.820924641751496,2645400
2017-08-07,37.90457534790039,38.02409908505517,37.506166943537664,37.57788057790756,2598100
2017-08-08,38.11177444458008,38.72532111529288,37.93647365888105,38.24723193198977,3364100
2017-08-09,38.05598831176758,38.18347894277655,37.713359710619294,37.89662730271867,2669100
2017-08-10,37.52211380004883,38.040046081747775,37.49024038956551,37.81693524798025,2752200
2017-08-11,37.88865661621094,38.30300191801116,37.219330057859246,37.338853851699895,2707700
2017-08-14,38.18346405029297,38.40657484725232,38.01613323228487,38.17549721879435,3643300
2017-08-15,32.38264846801758,34.789036624163145,32.3348413844039,34.39062804942943,22956600
2017-08-16,32.44639205932617,32.90057754600439,32.15953742782079,32.645596326803144,7732300
2017-08-17,32.66949462890625,33.10774333917581,32.23124591863669,32.271086157822026,5246400
2017-08-18,32.175472259521484,32.82886197561205,32.10375860582297,32.605751142096835,3770000
2017-08-21,32.581851959228516,32.66950232986674,31.99220898521595,32.19938010158401,4171800
2017-08-22,32.653564453125,32.84480189490673,32.398583223826705,32.669501159908144,3943200
2017-08-23,32.62965774536133,32.9483827312372,32.183439117596244,32.41451678409686,3627200
2017-08-24,32.92448043823242,33.259145181615544,32.62168910652691,33.00416092781058,2884000
2017-08-25,33.37070846557617,33.593816330818015,32.94839324114694,32.99620337210592,2469000
2017-08-28,33.386634826660156,33.46631531394229,33.171493863459496,33.34679154340334,3427800
2017-08-29,33.23524475097656,33.24321462517817,32.95635994624845,33.0758807027249,1660600
2017-08-30,32.828861236572266,33.283046686566365,32.820891364332006,33.23523657197175,2641400
2017-08-31,33.227272033691406,33.35476264179797,32.900577160442346,33.08384471961954,3482200
2017-09-01,33.442413330078125,33.57787077267694,32.98025797143675,33.24320906299806,2541900
2017-09-05,32.96432113647461,33.46631673864675,32.884640645800374,33.442413199367664,3349100
2017-09-06,33.08384323120117,33.163523717827054,32.7730850778982,33.04400298788823,3945800
2017-09-07,32.664485931396484,33.242903782663205,32.600218983790654,33.242903782663205,3363800
2017-09-08,32.47972869873047,32.728770509878736,32.37529141475678,32.728770509878736,4482400
2017-09-11,32.776954650878906,33.042063848267354,32.535948239792994,32.535948239792994,4108900
2017-09-12,33.16257095336914,33.34734266761832,32.736792788558574,32.85729754612091,4352200
2017-09-13,33.82133483886719,33.86953737118117,33.162582220064444,33.162582220064444,4734800
2017-09-14,33.443756103515625,33.628527864195775,33.18668208304203,33.49999085395897,2491100
2017-09-15,33.25897979736328,33.411616518482504,33.1224075188346,33.37144928287888,2965000
2017-09-18,32.51185607910156,33.3473449608655,32.29494933931097,33.3473449608655,3853000
2017-09-19,32.41545104980469,32.76089477646966,32.214611816374514,32.543988036617456,3242500
2017-09-20,31.70046043395996,32.423482821784965,31.579958745697905,32.383315592364276,6017100
2017-09-21,31.820964813232422,31.94950178460759,31.684392557329538,31.74866257529869,2422700
2017-09-22,32.094112396240234,32.14231185436876,31.612096363008977,31.612096363008977,2541800
2017-09-25,31.451417922973633,32.03786798150754,31.41928291754533,31.92539852707128,3157500
2017-09-26,31.877197265625,32.15837091271216,31.4514191530179,31.547821108510224,3291700
2017-09-27,32.32707595825195,32.391342902671084,31.973597037977264,32.00573204246818,3126000
2017-09-28,32.230674743652344,32.46364895682699,32.19050751558573,32.34314420806408,2234700
2017-09-29,32.359214782714844,32.552021786118004,32.294947824622696,32.30298004517296,1633500
2017-10-02,32.672523498535156,32.6805587836529,31.845066876082292,32.174443080952564,3545800
2017-10-03,31.997695922851562,32.64038061150799,31.909326203555864,32.3431364530475,4437700
2017-10-04,31.909337997436523,32.118209449239124,31.523727041718566,31.949505230718163,3205000
2017-10-05,31.981637954711914,32.05394019527064,31.08991134267542,31.467486985981424,5091600
2017-10-06,31.997695922851562,32.01376035857594,31.61208204509537,31.965560922278158,3082000
2017-10-09,31.877197265625,32.03786923448748,31.692425574030167,31.99770200841259,1734000
2017-10-10,32.134281158447266,32.47168963962031,31.90934217099857,31.97360913974226,2759300
2017-10-11,31.22647476196289,31.869159523272952,31.10597309303376,31.748657854343822,4458200
2017-10-12,31.668331146240234,31.692433939897924,31.105983703622776,31.234520699730155,3035400
2017-10-13,31.788837432861328,31.925409721538518,31.579965953463343,31.652268208748005,2179200
2017-10-16,31.587993621826172,31.756697838316406,31.467488858868332,31.756697838316406,1825400
2017-10-17,31.845064163208008,31.90933418042138,31.387151016533583,31.612089947654187,1857900
2017-10-18,31.70850372314453,32.09411473914128,31.652268974846915,31.95754244715855,1467500
2017-10-19,31.70850372314453,31.973609955895572,31.459461934566573,31.596034226549303,2317600
2017-10-20,32.41545104980469,32.47972107549282,31.893270881624332,31.941470336326937,4479800
2017-10-23,31.97360610961914,32.85730059646746,31.87720413335765,32.81713029717523,5014000
2017-10-24,32.3431396484375,32.43954465968219,32.045898525172944,32.17443547560324,3533400
2017-10-25,32.3431396484375,32.45561216155631,31.90932935608691,32.37527465218573,2902800
2017-10-26,32.44758224487305,32.8974631780666,32.407415015825784,32.479717253936116,2771600
2017-10-27,32.359214782714844,32.359214782714844,31.941468829144128,32.190510570089174,2181700
2017-10-30,32.05393981933594,32.423483238051666,32.03787231444875,32.23067624396861,2972000
2017-10-31,32.8974723815918,32.94567184410773,32.00574555027905,32.33512182391525,1636200
2017-11-01,32.680564880371094,33.16257788220343,32.30298608804528,32.93763888995686,2730600
2017-11-02,33.21880340576172,33.419642611514966,32.527919112203534,33.05009920842413,3494200
2017-11-03,33.058143615722656,33.29915011622346,32.91353910250939,32.98584135911602,3004000
2017-11-06,33.32324981689453,34.12660686088301,32.82516930769957,33.09831082523821,6016900
2017-11-07,33.684757232666016,34.496146405540564,32.88140028090115,32.9376350223596,8299600
2017-11-08,32.198543548583984,33.620482455494496,31.837032358452866,33.475877979442046,5228000
2017-11-09,32.262821197509766,32.41545794413762,31.812940115699647,32.10214916368014,3201700
2017-11-10,32.79302978515625,32.94566649930097,32.2387146042021,32.503820798723304,3976700
2017-11-13,32.48774719238281,32.65645444583444,32.0539368587494,32.560049425415535,3718400
2017-11-14,32.294952392578125,32.48775635868906,32.0459106164074,32.36725464601067,2603200
2017-11-15,32.3431396484375,32.704650779198516,31.957528797146626,32.20657047935147,3356200
2017-11-16,32.9376335144043,33.43571394361753,32.14230882016077,32.30298081607055,3627900
2017-11-17,33.46785354614258,33.89363178882407,33.05010752530473,33.05010752530473,4198300
2017-11-20,33.79722595214844,34.086434938581114,33.48391723836754,33.596386718743915,4211600
2017-11-21,33.13847351074219,33.96593017168343,32.99386901753024,33.93379822340794,1937200
2017-11-22,32.96173858642578,33.291114852400504,32.89747161637809,33.106343099738,1016600
2017-11-24,32.82516860961914,33.14650958164235,32.79303359304767,32.97780534148787,795100
2017-11-27,32.608253479003906,33.06616662169696,32.503816234221766,32.929597433150605,2035200
2017-11-28,32.656463623046875,32.977804587725295,32.327087372127316,32.56005857553594,3988000
2017-11-29,33.34733963012695,33.845423055756896,32.79302453787002,32.80909204171902,3007300
2017-11-30,33.49195098876953,33.781159988409485,32.93763578250204,33.06617277516828,2921400
2017-12-01,33.37145233154297,33.59639132312357,32.96173852309097,33.524089066606386,2241000
2017-12-04,33.459815979003906,33.92576138559527,33.4276809676353,33.53211822230159,1854300
2017-12-05,33.459815979003906,34.23907008503079,33.24290924911085,34.03019864026157,2337200
2017-12-06,33.50801467895508,33.74902112968028,33.162570975909084,33.54014968960198,2638500
2017-12-07,34.00045394897461,34.3163223728065,33.31202292726923,33.57929502066516,3306500
2017-12-08,34.22721862792969,34.33250909543965,33.84655832010082,33.9518456980111,1946900
2017-12-11,33.52260208129883,34.364919968941244,33.360617396813616,34.17863866314356,2050600
2017-12-12,33.619781494140625,34.25152126372145,33.401105789224125,33.4173014721365,2408700
2017-12-13,34.23531723022461,34.348705530786404,33.60358064732349,33.619776327747054,2528000
2017-12-14,34.680782318115234,35.182931971254035,34.09763879214738,34.21103021410806,5487300
2017-12-15,34.68887710571289,35.07763835762957,34.57548570383737,34.82656203073347,4543500
2017-12-18,35.223426818847656,35.458301301821606,34.73747290080495,34.73747290080495,4921900
2017-12-19,35.215328216552734,35.393511640579156,34.972352786262306,35.11003773057347,1649400
2017-12-20,35.053348541259766,35.498807164545255,35.01285314539763,35.40971543988815,1587000
2017-12-21,35.855167388916016,36.179133613024916,35.32062018401599,35.35301773330699,2792500
2017-12-22,35.94425964355469,35.99285287861935,35.70938204207413,35.88756547624564,1838800
2017-12-26,36.40591049194336,36.43830803867455,35.98475165323824,36.05764458858336,1311600
2017-12-27,36.162933349609375,36.67318078314163,36.09004041773335,36.446404146016185,1620800
2017-12-28,35.911865234375,36.44641249403685,35.66078883604873,36.36542170211259,1347300
2017-12-29,35.8227653503418,36.2925204873908,35.8227653503418,36.01714753212758,1113900
2018-01-02,36.656982421875,36.68128212583965,35.895658638982496,35.93615402612359,1884300
2018-01-03,36.66508102416992,36.899958580109285,36.54359178086341,36.72177518048635,2180500
2018-01-04,36.60839080810547,36.83516745777971,35.82276728659095,36.60839080810547,1946200
2018-01-05,36.77847671508789,37.013354318147044,36.559797887025965,36.681287154704954,1727000
2018-01-08,36.6812744140625,37.09433221942141,36.38160181510083,36.794662710059086,1935500
2018-01-09,36.729881286621094,37.05385061527242,36.55170093650331,36.66508927465112,2220000
2018-01-10,36.63268280029297,36.875658192793395,36.21962494200222,36.60028525739965,2018600
2018-01-11,36.867576599121094,36.94856740244666,36.47071424778314,36.60840232095794,1415600
2018-01-12,37.078147888183594,37.0943466638622,36.503105254795464,36.843273364845146,2325400
2018-01-16,37.17532730102539,37.39400297079661,37.01334269153607,37.05383807150854,2684600
2018-01-17,38.05815124511719,38.52790335067019,37.17533811077758,37.345420609877785,2417600
2018-01-18,38.31732177734375,38.406410394786526,37.89616294652314,38.03384788315293,2695800
2018-01-19,38.68178939819336,38.9895599552391,38.51980782147505,38.53600659706699,2554400
2018-01-22,38.47929763793945,38.81136471260677,38.30921518033904,38.60888471367305,2380800
2018-01-23,38.53599548339844,38.66558256116087,38.260622556953315,38.47929824037771,2590700
2018-01-24,38.50361251831055,39.32973161039926,38.41452078932047,38.65749626591108,1884700
2018-01-25,38.41451644897461,38.924767054883695,38.30112811201713,38.673690673334676,2103300
2018-01-26,38.665592193603516,38.843772538915694,38.29302654882261,38.60889493645826,1825800
2018-01-29,39.23252868652344,39.52410041800974,38.479302743383826,38.66558708596674,2460600
2018-01-30,38.75468063354492,39.2406346110592,38.57650028909671,38.85997112544641,2865200
2018-01-31,38.09865188598633,38.98146514195738,38.041957711808436,38.69799118146714,2934600
2018-02-01,38.03385543823242,38.625096869252225,37.34542443913282,37.863772921692615,2409200
2018-02-02,37.223934173583984,38.05815413705678,37.223934173583984,38.025756585356746,2707600
2018-02-05,36.42210388183594,37.66128050994281,36.42210388183594,37.167228808917294,3337800
2018-02-06,39.702293395996094,39.99386519773915,37.62889631995719,37.98526322857681,9419800
2018-02-07,40.57699966430664,41.07105146700774,39.629394539467036,39.629394539467036,7974100
2018-02-08,39.564598083496094,40.86857001906306,39.06244845568776,39.49170514642712,8124100
2018-02-09,39.73469161987305,40.050560047224046,38.4064197128984,39.78328486124963,5827700
2018-02-12,40.42311477661133,40.77947853223917,39.77517927110608,39.77517927110608,4946300
2018-02-13,40.60940170288086,40.698493426608536,40.21254250213108,40.42312041217781,2152700
2018-02-14,40.89286804199219,41.297828100246974,40.285427954610014,40.471709210655206,2589900
2018-02-15,41.006248474121094,41.168233084176215,40.633682944114476,40.900958014145345,2801100
2018-02-16,40.54460525512695,40.8604736304617,40.40691721816548,40.78758069079981,3189200
2018-02-20,40.01815414428711,40.447410831429096,39.87236827137093,40.32592466373239,2594500
2018-02-21,40.155845642089844,40.69849070177193,39.977662206564176,40.091050542043995,2369700
2018-02-22,40.30972671508789,40.48791013887657,40.107246675182644,40.22063500319355,1899900
2018-02-23,41.02245330810547,41.038648990865546,40.212533227705364,40.49600402000543,1724200
2018-02-26,41.435508728027344,41.46790627082261,41.071044095579936,41.119640409772835,2407600
2018-02-27,41.02245330810547,41.82427245752562,40.96575914964546,41.605593665065605,2375700
2018-02-28,41.23303985595703,41.613703362609655,40.71469138963891,41.07105518783248,2915500
2018-03-01,40.714683532714844,41.168239898018356,40.17203546265528,41.168239898018356,1987300
2018-03-02,41.26543045043945,41.33832338432624,40.05055027872642,40.49600572376785,2580300
2018-03-05,41.289737701416016,41.47601900497931,40.83618120821789,40.94147171531048,1874800
2018-03-06,41.46791458129883,41.46791458129883,40.884771052516705,41.29783208193749,1759000
2018-03-07,41.05485153198242,41.42741715126322,40.86047242501872,41.03865275813541,1593300
2018-03-08,42.365943908691406,42.822544893827434,41.19998328925419,41.305980557477504,4258200
2018-03-09,42.798091888427734,43.050850577199625,42.37410585943654,42.56978980491541,3182800
2018-03-12,42.77360916137695,43.09159775758597,42.59423281320243,42.87960639689289,1988000
2018-03-13,43.19761276245117,43.54006431408604,42.822549295221606,42.94485097696687,2046500
2018-03-14,42.78993225097656,43.37699024875173,42.54532578868355,43.26284077370432,1715600
2018-03-15,42.70024490356445,43.010081432170104,42.5697879089421,42.871472236157636,1538100
2018-03-16,43.02638244628906,43.279144195964804,42.586088989566015,42.700238453826145,3672000
2018-03-19,42.56978988647461,43.23023020199665,42.36595062851178,42.944853374644545,2899800
2018-03-20,43.36067199707031,43.41774672045786,42.60238997453377,42.71653942130888,2058400
2018-03-21,43.189456939697266,43.6297473115379,43.16499411712737,43.33622143375741,2016000
2018-03-22,42.35779571533203,43.230227434739525,42.333332890911045,42.87147148341216,2036900
2018-03-23,42.186561584472656,42.749156648534566,42.15394656646751,42.58608466884814,2590700
2018-03-26,43.40960693359375,43.47483387454157,42.463792962300154,42.54532741606993,1727700
2018-03-27,43.30360794067383,43.67867138970701,42.96931171691123,43.58898162790779,3042600
2018-03-28,42.81439208984375,43.62974904010833,42.74100983990634,43.47483233928044,2460300
2018-03-29,42.89592742919922,43.39329564075289,42.70024040272213,43.02638441007069,2190300
2018-04-02,41.97457504272461,42.91223677109445,41.33044231142149,42.806239497633705,2768200
2018-04-03,42.24363708496094,42.33332372060971,41.73811362763495,42.16209953845383,2719500
2018-04-04,42.90407943725586,42.93669445991235,41.83596388314358,41.87673110629432,2578600
2018-04-05,44.02927017211914,44.24126158587994,42.83069459990279,43.010074103320086,3148600
2018-04-06,42.781776428222656,43.646052729179296,42.300715745291456,43.62974521836167,3537300
2018-04-09,42.89592742919922,43.29545057234446,42.75731513745716,43.01007689866929,2566600
2018-04-10,43.270992279052734,43.4096045753392,42.814391275863024,42.814391275863024,2048000
2018-04-11,42.77360916137695,43.36881914331618,42.56161780068387,43.06713805336644,2098300
2018-04-12,42.9530143737793,43.25469564461194,42.82255735582405,42.96116657662747,1194100
2018-04-13,42.81439208984375,43.26284090076121,42.60240065132452,43.156843626331636,1589200
2018-04-16,43.368831634521484,43.735742855187084,42.8225440140169,43.01007572450383,2368700
2018-04-17,43.784671783447266,44.086353004352965,43.67052230042025,43.849898726459784,2518200
2018-04-18,43.48298645019531,44.51033481061845,43.47483113912744,43.91512462659729,2294500
2018-04-19,43.450382232666016,43.98851781440517,43.140545652167525,43.474841951273056,1445400
2018-04-20,43.23838806152344,43.63791442795844,42.8959395562997,43.5074574102055,2399600
2018-04-23,43.67051696777344,43.9395831291469,43.20576378057767,43.43406271875391,2110600
2018-04-24,43.34437942504883,43.94774499349699,43.018235370156816,43.817287993608225,2272500
2018-04-25,43.57267761230469,43.82543940580949,43.164999106204135,43.31991892914005,2103600
2018-04-26,44.526641845703125,44.70602136319774,43.35252589168718,43.58082794404573,2277400
2018-04-27,44.55110168457031,45.252309134580344,44.36356996590202,44.52664197223874,3208900
2018-04-30,43.84174346923828,44.93432190402265,43.62974892095807,44.820172428951736,4322500
2018-05-01,38.69683074951172,39.62633695024414,37.50641063665579,38.21577014084539,18178700
2018-05-02,37.8080940246582,38.770215299509786,37.799941825190366,38.32176968063406,6339400
2018-05-03,37.57980728149414,37.897796039453944,37.18028095076235,37.645034229371355,4799100
2018-05-04,37.636871337890625,37.84886274620865,37.196577900992246,37.302575160321,2712700
2018-05-07,37.02534866333008,37.77547846579171,36.911199219775696,37.61240649914013,2888800
2018-05-08,37.1313591003418,37.24550858445154,36.91936453527499,37.03351401938473,2844500
2018-05-09,37.0172119140625,37.30258564205134,36.87044739385671,37.057979145155144,1724500
2018-05-10,37.46565628051758,38.13424879860937,37.074285278000936,37.87333479693161,4199400
2018-05-11,37.53903579711914,37.62057025031293,37.082434772349885,37.375963780391544,2517700
2018-05-14,37.261810302734375,37.61241401245184,37.14766083637793,37.53903176831703,3536300
2018-05-15,36.886741638183594,37.35149474819137,36.707362153500156,37.13950024623109,3872900
2018-05-16,36.15292739868164,37.12320105244548,35.83493868485735,37.07428162591248,8136300
2018-05-17,36.21816635131836,36.62584496280285,35.8349505715548,36.152939390858144,3319800
2018-05-18,36.2670783996582,36.487225159335225,35.63110094526241,36.20185145809098,6893600
2018-05-21,36.68291091918945,36.87859484737359,36.23446210389255,36.59322115613007,3637600
2018-05-22,35.818626403808594,36.88674498911301,35.737091963548814,36.72367299825393,3639800
2018-05-23,36.37307357788086,36.58506501365453,35.794170897172094,35.794170897172094,3468500
2018-05-24,36.340457916259766,36.503529923407775,36.112158972456456,36.16923370840728,2627400
2018-05-25,36.11216735839844,36.57692066497405,36.03878509365805,36.36492607335045,2190700
2018-05-29,35.70448303222656,36.12031372500898,35.500643786475564,35.810477200572244,2717300
2018-05-30,35.84308624267578,36.07138827483506,35.582172300499074,35.72893678176591,3391700
2018-05-31,35.64741134643555,36.04693456054735,35.549566260647076,36.02247484427039,6634900
2018-06-01,36.28337860107422,36.373068349203095,35.76155073233106,35.93277491857376,2542700
2018-06-04,36.81336212158203,36.8541293410174,36.201844499033086,36.44645092598477,2736900
2018-06-05,36.49536895751953,36.8867429581685,35.761549704566264,36.72367097628799,6808800
2018-06-06,37.29442596435547,37.75917914840126,36.57691102165647,36.642137956261976,4560600
2018-06-07,37.645992279052734,37.75277550844276,37.16956322425558,37.440635576156296,3459900
2018-06-08,37.98278045654297,38.032064064096474,37.41599390171858,37.596708818734456,3654300
2018-06-11,38.040283203125,38.15528247482795,37.744568999605896,37.9909964580401,2755100
2018-06-12,37.637779235839844,38.3031361339565,37.58849249518477,38.02385087056745,2512200
2018-06-13,37.35029220581055,37.84314722516031,37.22707688422521,37.84314722516031,2396900
2018-06-14,37.399574279785156,38.0402895386174,37.31743282445839,37.40779030541523,2700500
2018-06-15,38.12242126464844,38.16349198183008,37.03813803687975,37.09563766763302,4754300
2018-06-18,38.54956817626953,38.58242600729888,37.94992686071256,37.94992686071256,6670000
2018-06-19,38.50849914550781,38.68921095711552,37.80207141482707,38.122427447694996,3052600
2018-06-20,38.63991928100586,38.69741890908963,38.10599058194835,38.40991763517607,1914500
2018-06-21,39.46135330200195,39.781709326339744,38.97671125317175,39.091710530267854,2844800
2018-06-22,38.828857421875,39.699571231731724,38.66457138351583,39.67492628920574,2524600
2018-06-25,38.6563606262207,39.62564485921722,38.377075285637034,39.182073471202735,2410200
2018-06-26,38.72206115722656,38.96848858520677,38.5577751607415,38.73027718047293,2590500
2018-06-27,37.96635818481445,38.95206811026638,37.87600071049909,38.78778521168801,1915200
2018-06-28,38.4592170715332,38.70564457803918,37.82671782028723,37.86778854912227,2539100
2018-06-29,38.36885452270508,39.042424413864246,38.31957090800755,38.763139107762,2245900
2018-07-02,38.08956527709961,38.1059941914647,37.42421147953605,37.802067109448075,2148500
2018-07-03,38.15528869628906,38.54135729517202,37.96636084290045,38.286716904450515,919900
2018-07-05,37.99921417236328,38.35242805657024,37.728144873725114,38.29492841341985,2063800
2018-07-06,38.442771911621094,38.6316996912388,38.10598706386875,38.20455739812703,1537200
2018-07-09,38.12242126464844,38.44277724555807,37.56385073719246,38.29492015690826,2423100
2018-07-10,38.196346282958984,38.24563301912407,37.74456216867666,38.155275569568694,1888400
2018-07-11,37.37492370605469,37.752779325549646,36.28242443210783,37.547422601890005,3913100
2018-07-12,37.48170852661133,37.63777850206743,37.11206581264183,37.54742104604213,1630900
2018-07-13,38.22099685668945,38.50028215873674,37.40778589103388,37.4981433613279,1921800
2018-07-16,38.631710052490234,38.680996799585586,37.92528234493326,38.14706800661942,1569600
2018-07-17,38.92741775512695,39.190274095333116,38.598848896616616,38.63170358902133,1957600
2018-07-18,38.853492736816406,39.16563584417675,38.590636372774554,38.590636372774554,2153500
2018-07-19,39.44491958618164,39.56813173943589,38.639921610973225,38.84527833322522,2401300
2018-07-20,39.69135284423828,40.05277960032241,39.01778294719786,39.420283560549024,1665700
2018-07-23,39.625640869140625,39.76528195862353,39.3792102560607,39.691353401398636,1820900
2018-07-24,39.403846740722656,40.02812976392125,39.3709889148978,39.80634413984557,1664300
2018-07-25,39.46956253051758,39.53527818761447,39.13277762163347,39.34635037370339,1867300
2018-07-26,39.4202880859375,39.78171488351287,39.157428529933185,39.46957170672303,2323900
2018-07-27,39.07528305053711,39.477783668661175,38.9027841285534,39.42849691945351,1653700
2018-07-30,39.042415618896484,39.2642012355604,38.91920347641295,38.99313201530092,1390900
2018-07-31,38.70564651489258,39.18207576700791,38.03207650110573,39.042431521786,2400900
2018-08-01,38.17170715332031,39.0342047288622,38.08956258729574,38.3113482153199,2662800
2018-08-02,38.22099685668945,38.31135432698347,37.21885805928061,37.64600047026442,4987400
2018-08-03,38.22099685668945,38.730283846802045,38.032069024936185,38.19635504969846,6105000
2018-08-06,37.30101013183594,38.45922239281227,37.186010821788045,38.14707917018501,3802800
2018-08-07,37.58849334716797,37.793850070976454,36.742424647795374,37.37492373314491,6391300
2018-08-08,38.648128509521484,38.779556666047704,37.621345057443364,37.77741814759567,4420200
2018-08-09,39.05064010620117,39.2231390231647,38.55778202895427,38.67278444042527,2994100
2018-08-10,39.370994567871094,39.477780950387135,38.72206651538198,38.86171072844068,2923400
2018-08-13,38.98491287231445,39.8227685348243,38.38527171976703,39.42027118136512,6686700
2018-08-14,43.667057037353516,44.6445539910034,41.56420289318361,41.76955963303826,13722100
2018-08-15,42.77170181274414,43.395988060841226,42.311701584330244,43.06741602147484,4483500
2018-08-16,42.20492935180664,42.706000432562675,41.720287190656904,42.50885653078311,3732600
2018-08-17,42.229557037353516,42.72241192668293,42.122770662383985,42.28705666999211,3006400
2018-08-20,42.87027359008789,43.018130699347054,42.37741864822087,42.5499175645248,2710000
2018-08-21,42.738834381103516,43.11669308153988,42.24597956626582,42.788121115985085,2726000
2018-08-22,42.42670822143555,43.00170464741022,42.377421470568216,42.566349315316394,1924200
2018-08-23,42.213130950927734,42.730630812835294,42.139202399226654,42.45955841209961,2818900
2018-08-24,41.91740417480469,42.24597611350533,41.73669242866415,42.18026047236751,2332100
2018-08-27,41.679203033447266,42.278844305199605,41.53955882852138,42.06527155260589,1572700
2018-08-28,42.188480377197266,42.254192890888895,41.52312355016282,41.59705208649998,2507400
2018-08-29,42.15563201904297,42.30348912491647,41.67098997945654,42.0652745506208,1964400
2018-08-30,41.572418212890625,42.18027239780009,41.44920291766824,41.991344576355516,2062100
2018-08-31,41.63813781738281,41.73671132371576,41.35063959098419,41.65456673510497,1902900
2018-09-04,41.77778244018555,41.89278173181554,41.276711412230014,41.383497811670296,2086300
2018-09-05,41.42456817626953,41.89278136436811,41.01385463348161,41.58063819447051,3741200
2018-09-06,41.315391540527344,42.29121571025658,41.315391540527344,41.7454160182587,3611400
2018-09-07,40.67036056518555,41.44771076530358,40.53804557038592,41.059037242563726,3002900
2018-09-10,41.14173889160156,41.331941527016134,40.6869062282503,40.76960192899098,4556700
2018-09-11,41.44771194458008,41.728881710858964,41.017687410586575,41.19962171660186,1902800
2018-09-12,41.786773681640625,41.88601230688779,41.191357703351265,41.5469548905568,2330500
2018-09-13,41.315391540527344,42.101013121870444,41.19961632626082,41.62964080399218,1823300
2018-09-14,41.29887008666992,41.68754689660506,41.08385932978117,41.43945659107516,2023500
2018-09-17,41.770233154296875,41.94389916801492,41.44771551468128,41.596570295217504,2784400
2018-09-18,42.026588439941406,42.19198296576205,41.58829562795917,41.66272300684655,1552200
2018-09-19,41.70408630371094,42.051412097466645,41.68754652953599,41.9604480714635,1584700
2018-09-20,41.62964630126953,41.960435375402085,41.39809584215979,41.89427629872021,2159600
2018-09-21,41.513877868652344,41.96871055407413,41.43117900925998,41.61311334528426,3995500
2018-09-24,40.79441833496094,41.52214942673134,40.695179695923834,41.480801571118796,2596600
2018-09-25,40.7282600402832,40.976350333458605,40.68691218386051,40.976350333458605,1986800
2018-09-26,41.09212112426758,41.39810216872444,40.612480363577696,40.75306369105337,1802900
2018-09-27,41.46426773071289,41.68754996853516,40.571141934063434,41.092130667675775,2482300
2018-09-28,41.57176208496094,41.968707113586994,41.249244446367186,41.381559455909205,2004100
2018-10-01,41.62964630126953,42.150637988904855,41.56348722458766,41.87773652954974,2513600
2018-10-02,41.2078971862793,42.41527205993456,41.2078971862793,42.20852965740569,2728400
2018-10-03,41.46426773071289,41.67101019299577,41.11694190830466,41.27406504396939,2110600
2018-10-04,40.050132751464844,41.340206294704025,39.983973677875944,41.249239145838416,3475500
2018-10-05,39.661460876464844,40.22380045141377,39.338943240316794,40.09975690539302,2764000
2018-10-08,39.90955352783203,39.97571261340699,39.363753690393956,39.47126062713385,1754800
2018-10-09,39.512611389160156,40.26515369250089,39.41337590812595,39.94263601316044,2293900
2018-10-10,36.19645690917969,39.074310511124985,36.138569294126874,38.68563382036601,6411000
2018-10-11,35.29506301879883,36.576865276530015,35.15447654543702,36.122032624385234,5931700
2018-10-12,36.23781204223633,36.35358729562382,35.76643956507924,36.23781204223633,3958500
2018-10-15,35.60932159423828,35.87395168433674,35.3777678994225,35.7581764142486,3978700
2018-10-16,36.77534103393555,37.04823937571514,35.98144777912483,36.63475455421243,3844100
2018-10-17,36.37839126586914,37.12266195526488,36.08068172825547,36.66782934152775,2979900
2018-10-18,35.92355728149414,36.56859569656983,35.683738501740976,36.394929687911805,3089200
2018-10-19,35.15448760986328,36.00626871685882,35.05525210925864,35.87395366450607,2646200
2018-10-22,35.24544143676758,35.61757836624126,35.11312643458121,35.435644055245575,2341000
2018-10-23,35.096588134765625,35.19582675654022,33.91402137304669,34.542520025731285,4158400
2018-10-24,34.4846305847168,35.91528751599364,34.44328273848167,35.319868435364775,4574800
2018-10-25,34.335784912109375,34.66657092427332,34.129042471517174,34.47636825748521,3986100
2018-10-26,34.10422897338867,34.69137665433542,33.57496575960697,33.93056295333839,3817000
2018-10-29,33.740360260009766,35.05524209738626,33.30206736576386,34.74926421770358,6034600
2018-10-30,33.34341812133789,35.55969717434245,32.48336887442647,35.55969717434245,6250900
2018-10-31,34.98908233642578,35.873939490927995,33.8230554124325,33.856131796472646,6046300
2018-11-01,35.510074615478516,35.60931324196836,34.46809427444535,34.98908602228132,4370200
2018-11-02,35.4025764465332,36.14684733533751,34.600414772448374,35.90702534860132,5162300
2018-11-05,35.35294723510742,35.6258486929031,34.740988397850636,35.43564292584881,3388300
2018-11-06,35.104854583740234,35.14620242625525,34.484627482100436,34.93119175239425,2727000
2018-11-07,35.08832550048828,35.1462131285642,34.51771752889462,34.93947069839617,3300200
2018-11-08,35.58449935913086,35.85740082970509,34.906384568456055,35.038699572620935,2714900
2018-11-09,34.732723236083984,35.35295043672834,34.5259808358692,35.35295043672834,3247200
2018-11-12,34.12903594970703,35.03870125262659,34.062876867133184,34.8981179341152,3133000
2018-11-13,33.98844528198242,34.56732456450829,33.87267005640491,34.12903173778247,3088700
2018-11-14,33.98017883300781,35.08831815284489,33.8065159851458,34.740989302482404,2598400
2018-11-15,33.91402816772461,34.360592591263625,33.21110513983633,33.55016261223315,3593300
2018-11-16,33.59978103637695,33.732096067082665,33.25245210912499,33.732096067082665,4152500
2018-11-19,32.367591857910156,33.74863282498639,32.22700853050036,33.67420542969918,3617000
2018-11-20,31.48273468017578,32.17738932023944,31.36695943260499,31.838331886079732,4209600
2018-11-21,31.31734275817871,31.871414117096226,31.1602196453175,31.664671684818185,5363000
2018-11-23,31.15194320678711,31.45792422903682,31.135406590928056,31.135406590928056,2714100
2018-11-26,32.028526306152344,32.05333438008001,31.342143305502738,31.342143305502738,6282100
2018-11-27,30.879047393798828,31.995455178844114,30.366327085187702,31.8796799305744,4598300
2018-11-28,31.838327407836914,31.87140694667257,30.721919786560353,31.03616594158373,3769700
2018-11-29,31.433101654052734,31.805238469377556,31.151931966322596,31.623307368825717,3212500
2018-11-30,32.19392776489258,32.19392776489258,31.43311406921405,31.457925303127098,6000800
2018-12-03,32.69837951660156,33.955373716969596,32.657031666548676,32.929930000608735,5358100
2018-12-04,31.606779098510742,32.830693727064485,31.35868569498013,32.690107254754565,4152600
2018-12-06,31.354816436767578,31.404875307036356,30.64561834102113,31.171258758350678,4050000
2018-12-07,29.485864639282227,31.588422422749233,29.335681713121318,31.28805657042742,6222500
2018-12-10,29.903039932250977,29.969786133909796,29.15212527117778,29.502553173940548,6559600
2018-12-11,29.16880989074707,30.386957397923698,28.943535513482534,30.328553283386842,4026900
2018-12-12,30.069908142089844,30.445365446799006,29.560955260460265,29.869663185316416,4512700
2018-12-13,29.06035614013672,30.19506728436412,29.03532352397934,30.06157166840875,5668900
2018-12-14,28.86844825744629,29.52758414065432,28.718265317404306,28.843418828367955,3556200
2018-12-17,28.976909637451172,29.310650156397614,28.25102766894595,28.634827037784532,4218300
2018-12-18,28.935195922851562,29.318995332206303,28.651517406635925,29.227216520668037,3543600
2018-12-19,28.326122283935547,29.427461663319733,28.18428143359813,28.83507519980575,3497500
2018-12-20,27.87557029724121,28.6348269519215,27.42502155285015,28.29274435328061,3536300
2018-12-21,27.37496566772461,28.49299238630014,27.349933057357184,27.883915397670428,5765000
2018-12-24,26.94944190979004,27.399990629541712,26.724167549914203,27.199745693168094,1463500
2018-12-26,28.27605628967285,28.28440155294117,26.966130041660627,26.966130041660627,2703100
2018-12-27,28.492996215820312,28.492996215820312,27.333249385021862,27.892264410835356,2912000
2018-12-28,28.20931053161621,28.75998015274126,28.050782354932128,28.5430478634216,2373100
2018-12-31,28.159252166748047,28.44293068625783,27.8004821808155,28.251030979352073,2650600
2019-01-02,28.709918975830078,28.851759812730744,27.308213865256125,27.717045848667496,3352400
2019-01-03,27.55017852783203,28.459618212352083,27.349933555176833,28.426243519778573,3419800
2019-01-04,28.593114852905273,28.776672486033892,27.84220015627545,27.925636890782084,4259100
2019-01-07,28.876789093017578,29.519237530701748,28.401210916760615,28.684889406351218,3025000
2019-01-08,29.5526123046875,29.928069638720423,29.185500235180786,29.327341087053604,3614100
2019-01-09,30.870882034301758,30.962660841487278,29.410772748895592,29.844634175636273,5831100
2019-01-10,30.128314971923828,30.44536818921348,29.71948294046197,29.777887061701392,4433400
2019-01-11,30.328556060791016,30.829166894818584,29.9697860770463,30.34524340687052,2428800
2019-01-14,30.153337478637695,30.44536120058769,29.73616346109642,30.044871342897117,2914000
2019-01-15,29.95310401916504,30.403649663837264,29.644392869173604,30.33690345761347,2532200
2019-01-16,29.45248794555664,30.019844920741445,29.102063263534813,29.836287316185924,3314800
2019-01-17,30.13665771484375,30.328557429237936,29.369058857267007,29.369058857267007,2800700
2019-01-18,30.93763542175293,31.096160447467287,30.345245730323352,30.478741326394935,3154800
2019-01-22,30.328556060791016,30.870883668624426,30.044877543011143,30.870883668624426,2520100
2019-01-23,30.46204948425293,30.662294440206473,30.136654215765823,30.53714094488731,3010900
2019-01-24,30.13665771484375,30.336902694047144,29.819607673385168,30.203407102173536,4143300
2019-01-25,31.288061141967773,31.53836499454628,30.70401669742714,30.70401669742714,3536200
2019-01-28,31.605112075805664,31.671858279647424,30.879226818766206,31.02940975589258,3056200
2019-01-29,31.53002166748047,32.08069139453219,31.237997865343534,31.504989055260364,4155300
2019-01-30,32.02228927612305,32.02228927612305,31.162908345895854,31.922165186544227,4212000
2019-01-31,32.297611236572266,32.43110679306532,31.696882823746094,32.02227804377384,3912300
2019-02-01,32.23086929321289,32.53957721147514,32.13074522557199,32.28927340794398,3583400
2019-02-04,32.105712890625,32.222521109501976,31.81369234343256,31.988904671748024,3184100
2019-02-05,32.32265853881836,32.66474125680222,32.1474429552371,32.44780888962032,3116900
2019-02-06,32.79822540283203,33.06521654384006,32.27258520150383,32.814912746993215,4566200
2019-02-07,27.933979034423828,28.51802344611396,26.62405253624855,28.13422401489524,23453500
2019-02-08,28.25102996826172,28.851761678143923,27.908947340753404,27.933976767736585,9726200
2019-02-11,28.91016387939453,29.243901220589372,28.351148979145258,28.45126986322516,4569500
2019-02-12,29.494203567504883,29.569295022557622,28.985253908575633,29.177153586424765,6239200
2019-02-13,29.285619735717773,29.669422316004223,29.168811500198917,29.611018198244793,4891600
2019-02-14,29.32733917236328,29.36071067993182,28.484645746241114,28.89347774611579,4712800
2019-02-15,29.961448669433594,30.23678514851956,29.419120976996194,29.619365978402925,5092400
2019-02-19,29.64439582824707,29.953107009053742,29.39409196004719,29.953107009053742,3278400
2019-02-20,29.1938419342041,29.878007133645234,29.152121982240114,29.878007133645234,4463700
2019-02-21,29.06035614013672,29.4441556381601,28.993606740765763,29.1020729233503,3839100
2019-02-22,29.585987091064453,29.65273647634241,29.202187674073805,29.210529755840618,2457600
2019-02-25,30.170024871826172,30.25345840236016,29.71113408831889,29.81125496151671,3767600
2019-02-26,29.75286102294922,30.49543051997745,29.727831591791137,30.370280181400773,2786600
2019-02-27,29.57764434814453,29.802918744243243,29.402431989885244,29.469178190885344,2063800
2019-02-28,29.15212631225586,29.669424511818136,29.127096883588184,29.669424511818136,2929000
2019-03-01,29.50255012512207,29.78622861412461,29.026971949850974,29.686107730590038,2748500
2019-03-04,28.86844825744629,29.644392386734527,28.701581153209418,29.377401200612336,2947100
2019-03-05,28.876789093017578,29.352367269274538,28.843414404175032,29.06868877968394,2872800
2019-03-06,28.801700592041016,29.143783230840352,28.743296471962044,29.102066456896203,2322000
2019-03-07,28.800016403198242,28.976961313188582,28.353440235815537,28.976961313188582,4275300
2019-03-08,28.260751724243164,28.53038296098753,28.05010211964551,28.403991912525786,3279000
2019-03-11,28.53038215637207,28.673622340615026,28.184916943145065,28.353437264922146,2910800
2019-03-12,28.462974548339844,28.7241812243845,28.176490947414674,28.597790171465924,2244900
2019-03-13,28.53038215637207,28.968533707289364,28.395566541801966,28.471400525888765,2569800
2019-03-14,27.8900089263916,28.530385583209778,27.805750362511503,28.513533227582126,4871800
2019-03-15,27.13166618347168,27.940559788416202,27.106386048515155,27.915282867717146,9722100
2019-03-18,27.755191802978516,27.805748867142565,27.182224599484634,27.249634018370035,4258800
2019-03-19,27.746768951416016,28.252326767339373,27.63723024607128,27.881584583279455,3494900
2019-03-20,26.83675765991211,27.68778218281062,26.71036822935128,27.68778218281062,7136500
2019-03-21,26.921024322509766,27.10639381786335,26.609262151790023,26.878893430721046,4624000
2019-03-22,26.06157112121582,26.786206324895907,26.044718765983944,26.575556705884633,4594600
2019-03-25,26.600831985473633,26.79462923726035,25.859346079575825,26.053143331362545,4300700
2019-03-26,26.921024322509766,27.199080172669337,26.710374684953756,26.710374684953756,2889900
2019-03-27,27.367597579956055,27.468708495107894,27.04740926534085,27.055837049920694,3430200
2019-03-28,27.561397552490234,27.957419896009764,27.41815734311581,27.738342474985124,3961100
2019-03-29,27.376026153564453,27.881583958152813,27.249635095288298,27.763620684699408,3836600
2019-04-01,28.13436508178711,28.23547600783634,27.52769309697497,27.552973239181068,3684000
2019-04-02,28.00797462463379,28.33658751444517,27.965842129625695,28.277605878543543,2810800
2019-04-03,28.55565643310547,28.606213489230296,28.15120962687935,28.235468172829897,3666700
2019-04-04,29.027517318725586,29.035941888973362,28.471402468890194,28.564088812905762,2308600
2019-04-05,28.858993530273438,29.263440353161975,28.75788262811571,29.12020017629333,3067000
2019-04-08,28.488250732421875,28.774734293574205,28.37028426608823,28.74102958890745,2725100
2019-04-09,28.277606964111328,28.277606964111328,27.805750644525812,28.23547446748578,3787900
2019-04-10,28.151214599609375,28.44612277678741,27.847878637793077,28.277605655118855,3682900
2019-04-11,27.72149085998535,28.48825533666113,27.654081439757206,28.311307215691283,4033300
2019-04-12,27.443431854248047,28.092233060523007,27.283339302410614,27.90686036894214,4185700
2019-04-15,27.21592903137207,27.603523543236317,27.072688839088407,27.51926498474686,3388100
2019-04-16,27.18222427368164,27.266486046278438,26.89574228249744,27.140094994512225,4098200
2019-04-17,27.21592903137207,27.97426891480905,27.148522827432103,27.42657864185368,5136900
2019-04-18,27.42658233642578,27.544545619904767,27.030563201068947,27.207508126287433,3087000
2019-04-22,25.867773056030273,27.426578902717317,25.758234357545742,27.3086156340069,5799600
2019-04-23,25.985736846923828,26.095273940480503,25.320083286672475,25.78351340772987,9500100
2019-04-24,26.56713104248047,26.8873177624381,25.977311454981205,25.98573763276023,6854900
2019-04-25,25.952028274536133,26.541847756419187,25.893046647773584,26.541847756419187,4741000
2019-04-26,26.66823959350586,26.74407357965418,26.01101385639234,26.145829474627366,4016600
2019-04-29,27.2412109375,27.25806007888454,26.59240810228798,26.59240810228798,4843100
2019-04-30,27.190654754638672,27.207507110829326,26.668242962632462,26.996857479833604,4366700
2019-05-01,26.13740348815918,27.409725693637373,26.095272602697978,27.266485504456146,5217000
2019-05-02,26.44915771484375,26.617678002353507,25.977303159796424,26.238508159020835,5692200
2019-05-03,26.28907585144043,26.86204152522882,26.204815673576803,26.63454113426501,6443000
2019-05-06,26.55870246887207,26.67666573287896,25.572862257464497,25.665546990414654,5566100
2019-05-07,25.884624481201172,26.499722587177526,25.707679573503608,26.305923717199995,6211800
2019-05-08,25.909902572631836,26.36490651118291,25.699252958220196,25.76666077054676,6156400
2019-05-09,28.109081268310547,30.384097439815516,27.746763723273276,30.384097439815516,20422900
2019-05-10,27.173799514770508,28.066955012543886,26.415461245086426,27.84787761957214,8356500
2019-05-13,25.46332550048828,26.482870497534115,25.269528235696853,26.44916578689436,6769600
2019-05-14,25.9351806640625,26.086847033872374,25.126285322764907,25.68240016678807,5466400
2019-05-15,26.18796157836914,26.44916666599277,25.488604880640047,25.732959219512786,6206200
2019-05-16,26.40703582763672,26.786205776952265,26.297497127999332,26.33962801521718,4150400
2019-05-17,25.9351806640625,26.34805370843552,25.842494321015643,26.187959554207943,4654200
2019-05-20,25.884624481201172,25.95203229467582,25.556011591403387,25.67397486320176,4181500
2019-05-21,26.44073486328125,26.491291920166198,25.960454072775637,26.086843500730467,4239100
2019-05-22,26.00259017944336,26.213239804080125,25.749809665601788,26.20481362623916,4009500
2019-05-23,25.471752166748047,25.85934831089484,25.286381076060763,25.707680324364752,4253600
2019-05-24,25.033597946166992,25.724529991154373,24.806097597280395,25.707677637272724,5984300
2019-05-28,24.77239227294922,25.353785610364312,24.77239227294922,25.109431306548952,9148500
2019-05-29,24.43535804748535,24.839804967387895,24.123595875604725,24.376376405890714,4587700
2019-05-30,23.896093368530273,24.435355880578992,23.87081483560459,24.351095711289116,5787600
2019-05-31,24.064607620239258,24.19942322315487,23.53377138465013,23.6264577143279,4355100
2019-06-03,24.28368377685547,24.502759536985,23.94664476401341,24.047757271430417,4469700
2019-06-04,25.320079803466797,25.488600116510124,24.629149412821015,24.646001765551112,4840600
2019-06-05,25.421192169189453,25.800362067831728,24.924059016360168,25.682397206515905,5328200
2019-06-06,25.232017517089844,25.45357544327578,24.75481507976421,25.393923919606706,3323500
2019-06-07,25.77739143371582,25.811478020732526,25.121239261685588,25.31723226101786,3215000
2019-06-10,25.53879165649414,26.229030454889294,25.504706692872293,25.964864266464375,3625400
2019-06-11,25.325756072998047,25.93930168905042,25.283149460922438,25.871130134526606,3752500
2019-06-12,24.56734275817871,25.504702677610172,24.56734275817871,25.436531135760852,7146400
2019-06-13,25.513227462768555,25.513227462768555,24.661082272131484,24.805947019553305,3019000
2019-06-14,25.172367095947266,25.47061658140908,24.925244236178568,25.410966684316715,3581500
2019-06-17,25.274629592895508,25.58992407060268,24.959336740526513,25.09567985917335,2662700
2019-06-18,25.828521728515625,26.348330844202895,25.479142310694424,25.479142310694424,4011300
2019-06-19,25.973386764526367,26.07564490941767,25.58992237819465,25.82000035985845,3110700
2019-06-20,26.314237594604492,26.331280885145212,25.930773309464175,26.237546037846545,3453000
2019-06-21,26.697708129882812,26.714751423375912,26.067120898679402,26.37389368020352,5174700
2019-06-24,26.757360458374023,26.95335347530536,26.390937741731403,26.569889088962064,4444900
2019-06-25,25.73478889465332,26.578412552661508,25.658095687076376,26.535804312153104,6473400
2019-06-26,26.229028701782227,26.450586639198725,25.862606021644858,25.862606021644858,3473400
2019-06-27,26.45058822631836,27.01300393760778,26.194943686880798,26.697709493236193,4493000
2019-06-28,27.0385684967041,27.098218404380074,26.365374591783457,26.714754015603933,5114000
2019-07-01,26.672142028808594,27.64358696090482,26.561363876600613,27.51576714128336,4964800
2019-07-02,25.854084014892578,26.723272459112195,25.743304235058254,26.70622916600878,3581500
2019-07-03,25.888174057006836,26.109732034824265,25.54731625472549,26.041560474367994,1887300
2019-07-05,25.768871307373047,25.88817111829457,25.453578485555294,25.760349660116077,3478400
2019-07-08,25.785911560058594,25.90521135690695,25.504703735103305,25.760346621303448,4733500
2019-07-09,25.257585525512695,25.606964959544506,25.14680735449647,25.606964959544506,4060900
2019-07-10,24.592910766601562,25.376884408426374,24.490652628390514,25.274626270215325,4785400
2019-07-11,25.325756072998047,25.410970922487326,24.60995393782899,24.71221208228374,3651500
2019-07-12,25.854084014892578,26.135291849747407,25.40244649967935,25.47913969330684,2658900
2019-07-15,26.203466415405273,26.237553005538807,25.879651935827066,25.879651935827066,2748400
2019-07-16,26.586933135986328,26.706232953955666,26.152338852234728,26.23755370450059,3080900
2019-07-17,25.794437408447266,26.43354635340183,25.734787500305604,26.43354635340183,2700700
2019-07-18,25.90521240234375,26.033033850602212,25.564354665208548,25.76886930748967,2131200
2019-07-19,25.819997787475586,26.24607036895431,25.802956119473247,26.050077371555194,2258500
2019-07-22,25.044544219970703,26.05859735423146,24.942287717134715,25.905210974639672,3822300
2019-07-23,25.598438262939453,25.67512982267037,25.12975750692699,25.223493983197024,3228700
2019-07-24,26.24606704711914,26.288675275077047,25.6069582557899,25.802952853720857,3233000
2019-07-25,26.26311492919922,26.390936384741224,26.041556981102012,26.06712192234561,3322400
2019-07-26,26.09268569946289,26.365371892543394,25.819997881044472,26.365371892543394,2694800
2019-07-29,26.08416748046875,26.160860685518095,25.51323007917814,25.94782436601172,3274600
2019-07-30,26.126773834228516,26.22903198172271,25.402450030047483,25.998952368864362,2891800
2019-07-31,26.356849670410156,26.459106177913885,25.709219163314305,26.015991936501255,5031700
2019-08-01,24.942289352416992,26.373893488683024,24.76333802271478,26.314241961890346,4887100
2019-08-02,25.351318359375,25.530268061749574,24.85707423452507,24.908202488726676,4255000
2019-08-05,23.72372055053711,24.703687125023656,23.56181252073357,24.703687125023656,4657200
2019-08-06,23.757808685302734,24.030496528640676,23.451037502721913,23.851545182241967,3424400
2019-08-07,24.01345443725586,24.081625995172644,23.212437412730036,23.40843043857352,3092300
2019-08-08,24.260574340820312,24.37135413195,23.928238218107367,24.013453066975266,2418700
2019-08-09,23.340251922607422,24.1497903537056,23.272080385013506,24.1497903537056,2731700
2019-08-12,22.368810653686523,23.374342211696785,22.147252715028504,22.83748984581907,4151400
2019-08-13,22.76079750061035,23.55329279627351,22.070560344045468,22.539241179017065,4580200
2019-08-14,21.303630828857422,22.053517918884463,21.09059452056885,22.053517918884463,6490600
2019-08-15,16.57421875,18.968745434269067,15.798767030624566,18.661972753957944,26322000
2019-08-16,17.00881576538086,17.307066881577686,16.028849205309424,16.028849205309424,13902900
2019-08-19,17.86948585510254,18.031393912659905,17.128120375067994,17.32411339849431,10607300
2019-08-20,17.92913246154785,17.97173906350733,17.434886776926923,17.76722444849402,6774000
2019-08-21,18.534156799316406,18.56824338508652,18.16773412897701,18.193299068304597,7477700
2019-08-22,18.133651733398438,18.74719573600037,17.767229011231606,18.619374271958897,5733300
2019-08-23,17.30706787109375,18.125128075852963,17.2559396162144,17.94617674576836,7299900
2019-08-26,17.79279136657715,17.80983466095111,17.315590501472247,17.520105157945775,4876600
2019-08-27,17.451932907104492,17.91209208475109,17.324111455093085,17.878005497367813,5395100
2019-08-28,17.4604549407959,17.690534534716733,17.170725442970696,17.40932668392615,4619000
2019-08-29,17.281503677368164,17.613839755187875,16.846909469652786,17.409325120734373,6441200
2019-08-30,17.5967960357666,17.85244054163515,17.375238114148978,17.40080305233717,6482600
2019-09-03,17.417844772338867,17.843917284991615,17.238893471849135,17.409323127045294,6255100
2019-09-04,18.31259536743164,18.355203591499862,17.93765112231908,17.93765112231908,7774300
2019-09-05,19.843265533447266,19.860581170134612,18.69180211469883,18.69180211469883,10712400
2019-09-06,20.509902954101562,20.570506031995016,19.782662716760072,19.947157964835178,8111700
2019-09-09,21.029361724853516,21.107278792881644,20.310777612887424,20.50124632740764,8353300
2019-09-10,21.791231155395508,21.87780769181304,20.86486601374111,20.908153456294833,7388900
2019-09-11,22.319347381591797,22.631020612593964,21.228486944808846,21.903780321405332,7387400
2019-09-12,22.146196365356445,22.293376001125022,21.418956006418803,22.128880725545955,6635700
2019-09-13,21.799890518188477,23.029272798722612,21.77391706003057,22.5098151947359,7301200
2019-09-16,22.08559226989746,22.46652807180042,21.635395563222172,21.66136902175313,5982200
2019-09-17,21.78257179260254,22.059615368452814,21.38432206514526,21.973038838172112,6125500
2019-09-18,21.799890518188477,21.938412325743574,21.557476529311955,21.644053071861443,7621900
2019-09-19,21.877811431884766,22.0596207032633,21.696000509195866,21.799892700919575,4176400
2019-09-20,21.765260696411133,22.42324015196181,21.739288887826305,21.92975597312638,8857200
2019-09-23,21.765260696411133,21.999016881536434,21.48821706277091,21.661370159451206,7332700
2019-09-24,21.773916244506836,22.06827548736399,21.55747572189482,21.990356767118854,6467200
2019-09-25,21.955730438232422,22.379953728080242,21.83452260448277,21.912441336425264,6777700
2019-09-26,22.08559226989746,22.25874370617319,21.78257519227716,21.860493916559818,4612100
2019-09-27,22.50115966796875,22.708942400472154,22.20680038409467,22.22411602463088,4749300
2019-09-30,22.553102493286133,22.7522290352445,22.206797976656652,22.50115722861926,5369900
2019-10-01,22.163511276245117,22.960012516918795,22.111566009832337,22.648337615821628,5622200
2019-10-02,21.418956756591797,21.851837859153417,21.358353666442827,21.791234769004447,5473400
2019-10-03,21.877811431884766,21.886469252137605,20.899499210348647,21.34103813538127,3977400
2019-10-04,22.068273544311523,22.07693136261092,21.505528565330497,21.75659869077311,3038100
2019-10-07,21.799890518188477,22.085591952684638,21.747945253182866,22.033646687679028,4024800
2019-10-08,21.34969711303711,21.48821894197131,20.916815984790112,21.470903300526924,6045600
2019-10-09,21.453580856323242,21.687335318466612,21.384319969149317,21.57478699605016,4464400
2019-10-10,21.635393142700195,21.730627495348873,21.306404294665736,21.48821353011135,4189400
2019-10-11,22.492496490478516,22.812829158860655,22.007670230112282,22.016328048318282,5382000
2019-10-14,21.860488891601562,21.947065415493636,21.107275280443318,21.756596732669106,5363300
2019-10-15,22.0942440032959,22.33665627756873,21.678678689134102,21.895119163340425,3870200
2019-10-16,22.076932907104492,22.336660869016974,21.92975328833806,22.076932907104492,4171300
2019-10-17,22.024993896484375,22.509820333610563,22.007678253759366,22.3106953962047,3938500
2019-10-18,22.128877639770508,22.224111994137896,21.67002480794961,21.721970068827247,5067400
2019-10-21,22.71759796142578,22.916722853857674,22.36263562228711,22.379951261101244,4066700
2019-10-22,22.864776611328125,22.92537969327679,22.25874248922122,22.691623533208972,3801500
2019-10-23,22.46652603149414,22.934036683422683,22.293372959633153,22.91672104597457,3141100
2019-10-24,22.258737564086914,22.639673260874297,21.912433135784642,22.596385826577677,3251000
2019-10-25,22.899410247802734,22.951355516068617,21.67868571003751,21.912440242889133,2825900
2019-10-28,22.622364044189453,23.063902934772653,22.579076597612964,22.786859313538546,3274600
2019-10-29,22.397268295288086,22.691625916916074,22.224115198979565,22.570419740286294,3886100
2019-10-30,22.726253509521484,22.73491132806327,22.198138137642914,22.388606842942092,3557500
2019-10-31,22.388607025146484,22.68296625272257,21.886465104806707,22.63967715966135,5120600
2019-11-01,22.760887145996094,22.960012039193792,22.570418420928544,22.622363686260506,4141300
2019-11-04,22.960010528564453,23.254369764928878,22.812830910382242,22.93403707195226,6803700
2019-11-05,23.33228874206543,24.2413382665365,22.43189538525093,22.43189538525093,9374000
2019-11-06,22.449209213256836,23.107188539885918,21.9037782215005,23.107188539885918,8786500
2019-11-07,23.43617820739746,23.69590781072439,22.856117573337052,22.934036289204126,4708400
2019-11-08,23.5747013092041,23.5747013092041,22.968668837123385,23.35826078675167,5149500
2019-11-11,23.098535537719727,23.462155724269675,22.847463709509135,23.401552635063073,4262700
2019-11-12,22.838802337646484,23.23705374255754,22.717596178082722,23.176450662775657,3959000
2019-11-13,22.53578758239746,22.76954208947399,22.423237587036425,22.67430938337249,2451800
2019-11-14,22.587732315063477,22.88209154805774,22.509813597429105,22.509813597429105,2157800
2019-11-15,23.16779136657715,23.323628791112437,22.682965107930666,22.804171259764793,3142800
2019-11-18,23.323631286621094,23.39289218812401,22.743570617292875,23.167793845412,3561000
2019-11-19,23.33228874206543,23.462152723945565,23.020613864505005,23.29765746619866,3000500
2019-11-20,22.622364044189453,23.32363256816231,22.39726734041942,23.314974748584962,4351300
2019-11-21,22.31069564819336,22.838809546786283,22.258748719431615,22.613712794061126,3171300
2019-11-22,22.812829971313477,22.92537830937982,22.440552031747053,22.544444202609093,2794500
2019-11-25,23.107192993164062,23.167796081414355,22.50115880804054,23.01195862516486,2567400
2019-11-26,22.977327346801758,23.263028778973805,22.648336818052012,23.159136598497522,4303600
2019-11-27,23.39289093017578,23.418862734773903,22.77819901749597,23.237053497346814,3441400
2019-11-29,23.28034210205078,23.375576460494262,22.960011053066577,23.314973378324826,1661400
2019-12-02,22.414579391479492,23.288999277512243,22.405921572650247,23.288999277512243,4009500
2019-12-03,21.496875762939453,21.817208509521134,21.323722659169295,21.80855068920159,5791400
2019-12-04,22.1115665435791,22.17216963107527,21.427613638841684,21.53150582548532,5547300
2019-12-05,22.329153060913086,22.68887601075077,22.136129847419852,22.390568929403873,3877800
2019-12-06,22.39934539794922,22.829258199476605,22.127358416068084,22.127358416068084,3334300
2019-12-09,22.63623046875,23.004727321657874,22.346697346712155,22.460756812838532,7762000
2019-12-10,22.39934539794922,22.776614586137423,22.3642496557231,22.680104641929788,4838000
2019-12-11,22.65378189086914,22.785387571816518,22.153679299194895,22.294058915333032,3376700
2019-12-12,23.110013961791992,23.338131231523217,22.671327290798914,22.706421354280803,4058600
2019-12-13,22.759063720703125,23.44341381918446,22.373019002677275,23.417093691370106,4145700
2019-12-16,22.355472564697266,22.987182447944953,22.355472564697266,22.934538842036407,4976600
2019-12-17,22.381793975830078,22.408115778323555,22.074712973900166,22.302830241806475,4389500
2019-12-18,22.759063720703125,22.978407044258784,22.513398595876357,22.513398595876357,4698800
2019-12-19,23.153881072998047,23.18897680859304,22.820479952129503,22.96085954759592,4595500
2019-12-20,23.434640884399414,23.636438022499963,22.925764418996167,23.241619353886744,8201400
2019-12-23,23.768043518066406,24.02248091222527,23.496058255770567,23.522378384519214,3766100
2019-12-24,23.46096420288086,23.820687158215794,23.303036725230022,23.759271288786454,1412000
2019-12-26,23.890878677368164,23.969842421862054,23.583797634720483,23.610119440704132,1996500
2019-12-27,23.583797454833984,23.943522106705146,23.487287513877515,23.934748171444188,2049000
2019-12-30,23.329357147216797,23.662758278705844,23.30303534468207,23.52237867876763,2264200
2019-12-31,23.66275978088379,23.6890815850895,23.18020508464437,23.259168823804558,2586200
2020-01-02,23.627662658691406,23.96983770181377,23.32058167651293,23.82945811112476,3823600
2020-01-03,23.6188907623291,23.627664696686047,23.188978019579977,23.259167820978675,3511200
2020-01-06,23.917198181152344,23.95229224562877,23.338131892907736,23.39954776083415,4040500
2020-01-07,24.145315170288086,24.3997525734521,23.759270424895682,23.952291960863448,2752900
2020-01-08,24.30324363708496,24.531359246450165,23.917198875889255,24.285695767608576,3624100
2020-01-09,24.022476196289062,24.3646528639589,23.627659281455927,24.3646528639589,2983500
2020-01-10,24.066349029541016,24.23305041917122,23.838231778851444,23.943517307422287,2324100
2020-01-13,24.654191970825195,24.74192964229997,24.05757781294501,24.180409548935554,2693900
2020-01-14,25.119199752807617,25.2595810366514,24.671740790610215,24.794572531334445,4262200
2020-01-15,25.057783126831055,25.250806340385065,24.812119652790546,25.049009192264336,3603600
2020-01-16,25.312219619750977,25.610526670678478,25.171840027956474,25.338539747301986,2607400
2020-01-17,25.34731674194336,25.435054415774413,25.119199459365394,25.34731674194336,2475900
2020-01-21,24.88231086730957,25.22448596753687,24.74193125319288,25.22448596753687,3559000
2020-01-22,24.259374618530273,24.93495255050283,24.215506617111583,24.794572937814635,3386000
2020-01-23,24.513811111450195,24.592774844391144,23.706627587409145,24.0663505159371,2696100
2020-01-24,23.94352149963379,24.540134021138947,23.75049827570074,24.540134021138947,3258800
2020-01-27,23.022275924682617,23.52237845386297,22.952086125384618,23.23284532257662,3976200
2020-01-28,23.162654876708984,23.399546070273384,22.785384088467183,23.29426053753695,3629500
2020-01-29,23.4785099029541,23.636437366013055,23.276714443915118,23.320582439895148,3691500
2020-01-30,23.37322425842285,23.46096192342175,22.99595347034734,23.162654866499565,4661200
2020-01-31,22.60991096496582,23.311808954902805,22.434435630753168,23.311808954902805,4950200
2020-02-03,22.838029861450195,23.18020494680499,22.653780580019735,22.750292188076497,5261500
2020-02-04,23.86455535888672,24.12776668975587,23.355678892004686,23.487284557439263,4588300
2020-02-05,24.908632278442383,24.970048153590845,24.16286616768863,24.18918630077678,4885800
2020-02-06,25.443828582763672,26.67215100724018,25.42628071314589,26.18959630694986,8871700
2020-02-07,24.54013442993164,24.926179210771526,24.154091322548783,24.52258823301935,6067800
2020-02-10,25.013916015625,25.013916015625,24.32956415623374,24.4436236361941,3914500
2020-02-11,25.075328826904297,25.391183750156554,25.013912963706748,25.329767886959004,3518400
2020-02-12,25.85619354248047,25.873741412141985,25.18061729508169,25.312222970629144,3721100
2020-02-13,25.294675827026367,25.671946668293355,25.040238403458844,25.514019183720478,3771200
2020-02-14,25.628076553344727,25.645624423208982,25.18938984748023,25.294675393208777,2763300
2020-02-18,24.654191970825195,25.53156533865914,24.496264496861983,25.224484325225877,4149800
2020-02-19,24.60154914855957,24.96127208249947,24.434847746125502,24.733154814288856,3176200
2020-02-20,25.277124404907227,25.399957805346084,24.46994089876045,24.654190162690348,3213700
2020-02-21,24.557680130004883,25.2595798216337,24.338336790144044,24.961272745546406,4309700
2020-02-24,22.416887283325195,23.17142886146654,22.25896149405873,23.101239063973633,6669900
2020-02-25,21.364042282104492,22.645006622304024,21.276304608820034,22.636232687629885,5950900
2020-02-26,20.63582420349121,22.02207420487526,20.618276332642246,21.565839603544543,4868100
2020-02-27,20.13572120666504,21.399137760977993,19.556654867574007,19.977793719011657,6576800
2020-02-28,20.574403762817383,20.591949956315183,19.39872345217315,19.495233373509496,6564400
2020-03-02,20.784971237182617,20.837613159755218,19.89882411883719,20.62704379600827,5852700
2020-03-03,20.49544334411621,21.7413136502765,20.258552122352775,20.863940242373676,7162400
2020-03-04,21.346494674682617,21.355268609464414,20.249777928812247,20.75865443195782,4956100
2020-03-05,19.769882202148438,20.899844408383625,19.547448777158788,20.543951267806655,5737500
2020-03-06,19.307226181030273,19.778784058808366,18.720001946679375,18.906845249867057,4719400
2020-03-09,16.39779281616211,18.026005464324523,16.130871680558453,17.81246957406104,5948800
2020-03-10,17.04730224609375,17.741295333948738,16.01521100591935,17.403195484596505,5497100
2020-03-11,15.632620811462402,16.486766044497944,15.445777549348836,16.4066898758686,5920500
2020-03-12,13.354907035827637,14.653917811857339,13.08798667627391,14.395895844125668,5996300
2020-03-13,14.440380096435547,14.440380096435547,12.509658406763746,13.853155886390555,9506100
2020-03-16,10.214144706726074,12.41178766483456,10.214144706726074,11.788974108073567,7939900
2020-03-17,11.735588073730469,11.74448561509012,9.653611760998018,10.498858674291261,9038500
2020-03-18,11.88684368133545,11.904638765250223,10.56114047627173,10.694601060083622,7852500
2020-03-19,11.308517456054688,12.411787244812137,10.756882561675964,11.646616426515777,8261000
2020-03-20,10.712394714355469,11.699998908109606,10.409885092345302,11.628820273344422,10161100
2020-03-23,9.413383483886719,10.828060353799714,9.351102389757505,10.676805540757679,7546300
2020-03-24,12.207147598266602,12.305018007791643,10.107375351775266,10.240835926781685,5540800
2020-03-25,13.257034301757812,13.942129787817235,12.03809900368748,12.376197975552559,7120600
2020-03-26,13.488365173339844,14.057795148846987,12.474069116629293,13.070190021818718,6986500
2020-03-27,12.37619686126709,12.856653073077412,11.619923650213279,12.607527849902201,5186100
2020-03-30,11.753381729125977,12.554141686893388,11.468667228322657,12.420681976770867,5773300
2020-03-31,11.522052764892578,12.144866267329636,11.379695489880255,11.53095030670992,5512000
2020-04-01,9.849352836608887,10.836957891857026,9.662508705765964,10.67680553727273,5569400
2020-04-02,9.79596996307373,10.053992747501347,9.057490930107921,9.537947178646114,8042900
2020-04-03,9.867147445678711,9.973915394099318,9.324409313895337,9.475664119620255,4702000
2020-04-06,11.602127075195312,11.833458034082698,10.561138608718233,10.605625462122138,6567400
2020-04-07,12.874448776245117,13.461672969129085,12.438478554044208,12.563041595889652,8662400
2020-04-08,13.319315910339355,13.870950792960148,13.087984906767835,13.479467425605833,5924300
2020-04-09,13.968820571899414,14.822965058829782,13.434980797890606,13.924333711936276,7289300
2020-04-13,13.14137077331543,14.19125625129465,12.687606257777512,14.19125625129465,3925800
2020-04-14,13.68410587310791,13.853154920862464,13.212547199198216,13.434980648016257,3227600
2020-04-15,12.829962730407715,13.01680688079293,12.331711379875026,12.901141373552905,4336300
2020-04-16,12.821064949035645,13.01680663829653,12.420684876673734,12.838860033748608,3710000
2020-04-17,13.541749000549316,14.217946060003687,13.434981043793362,13.488364597913192,3880200
2020-04-20,12.64311695098877,13.52395318280424,12.563040775638955,13.087983837584412,3808200
2020-04-21,12.233839988708496,12.50076030361994,11.842357482416991,12.118174490629661,4890800
2020-04-22,11.931331634521484,12.616427154644454,11.869050532152626,12.474069864363415,3426000
2020-04-23,12.251635551452637,12.669809851033408,11.9402283637921,11.958022599606698,3235600
2020-04-24,12.135970115661621,12.509658403504966,11.966920207652509,12.393992900266186,6277800
2020-04-27,13.390495300292969,13.639620553510055,12.216045980951115,12.456274540083438,6168900
2020-04-28,14.333612442016602,14.493764801798422,13.550645726868279,14.05779458333861,5123000
2020-04-29,15.16995906829834,15.436880199370163,14.778477457978132,15.018704269800686,6275200
2020-04-30,13.239238739013672,14.725093369945261,12.678706356181587,14.680607359789207,12074600
2020-05-01,13.488365173339844,13.52395449377677,12.509658437066218,12.821064778760237,5154000
2020-05-04,13.14137077331543,13.657416393470404,12.732093124725303,12.97232084861711,5409800
2020-05-05,13.14137077331543,13.862054793507262,13.096883906367639,13.684108174232515,4548700
2020-05-06,12.518555641174316,13.541750130355528,12.438479454797415,13.33711089311274,4827000
2020-05-07,12.901141166687012,13.176959040839236,12.696502783054994,12.740988797920151,5377300
2020-05-08,13.239238739013672,13.399391090827482,12.927831576823763,13.337109149279748,4614700
2020-05-11,12.385095596313477,12.954525581247506,12.242738312209054,12.927832954090668,4120300
2020-05-12,11.735588073730469,12.740987337432456,11.691102063964703,12.429581026490865,4467900
2020-05-13,10.614523887634277,11.655512440917724,10.445474000305868,11.566538726690537,9159600
2020-05-14,11.041598320007324,11.112776969004463,10.240838094531304,10.34760606802701,6308000
2020-05-15,10.854751586914062,11.11277434063071,10.392090477860451,10.632318149278461,7955500
2020-05-18,11.913535118103027,12.046994840077836,11.557641111976501,11.708895916089936,6576300
2020-05-19,11.441976547241211,11.744486179887208,11.192851316804155,11.735588638099669,6535000
2020-05-20,11.797870635986328,11.922432827515687,11.56653963955139,11.708896914737108,6053100
2020-05-21,12.66981029510498,12.9456281722873,11.717795311457367,11.780076411765872,7686500
2020-05-22,12.438478469848633,13.034600200654216,12.313916277362647,12.758783189992707,5172800
2020-05-26,13.123575210571289,13.506161064506406,12.981217920320933,13.221445635489314,5864400
2020-05-27,13.68410587310791,13.83536068618548,13.17695788132798,13.675208331511284,6959800
2020-05-28,12.447375297546387,13.76418172460483,12.313915570821468,13.66631046639139,6313600
2020-05-29,12.100380897521973,12.634220707152558,11.842358110738106,12.242738180090129,18880000
2020-06-01,12.625323295593262,12.803270749162369,12.08258593805325,12.22494322209546,7297100
2020-06-02,12.901141166687012,12.999011587313237,12.545247956667701,12.794373203681218,6322500
2020-06-03,13.95992660522461,14.431485405157076,13.23034496964798,13.283729384978304,9876300
2020-06-04,14.627224922180176,14.840760841850289,13.550646084681638,13.942129452593164,6864500
2020-06-05,15.40129566192627,15.970726597985028,15.392398117937368,15.935136422029421,9222000
2020-06-08,15.997418403625488,16.148673265603325,15.276734271629019,16.1130847847437,6207900
2020-06-09,14.725095748901367,15.410191276995286,14.698404817308605,15.392396191244924,6813900
2020-06-10,13.773078918457031,14.680607808448963,13.737489600134776,14.609429171804452,5964300
2020-06-11,12.563041687011719,12.972319286310976,12.393992631189038,12.563041687011719,6201800
2020-06-12,12.883344650268555,13.479466347194245,12.491862162750733,13.337109079005945,4181300
2020-06-15,12.625323295593262,12.803270749162369,12.144867037692629,12.313916948880012,5334200
2020-06-16,13.337111473083496,13.95102836299197,13.159164855905823,13.630723603555756,6053100
2020-06-17,12.652013778686523,13.337108304170373,12.643116237812606,13.328210763296456,3326600
2020-06-18,12.438478469848633,12.856653605305452,12.278326958292894,12.456273553641658,3540400
2020-06-19,12.038097381591797,13.070188394258215,12.02920068897767,12.98121552850338,9439700
2020-06-22,12.198249816894531,12.331709540758869,11.833459113050193,12.01140569437472,5504500
2020-06-23,12.260531425476074,12.518554191411155,12.002508659540993,12.46517063901977,3698700
2020-06-24,11.388591766357422,12.082583829194002,11.29072051427331,11.993610117938662,4421100
2020-06-25,11.210647583007812,11.290722921994066,10.952624783563994,11.228441819943743,4918200
2020-06-26,11.166159629821777,11.361901308141485,10.94372617444093,11.077185908262921,9181300
2020-06-29,11.877947807312012,11.895742043938045,11.041597472979468,11.299620267929644,6374900
2020-06-30,11.815665245056152,12.029202013108808,11.539848227784129,11.744486605210707,5027400
2020-07-01,11.539847373962402,12.402888530361965,11.495360515221456,11.806767677891818,5882500
2020-07-02,11.575437545776367,12.118174886636456,11.495361363834515,11.771178381060539,5687900
2020-07-06,11.726691246032715,12.011405778137444,11.468668489183745,11.913535369855502,7057900
2020-07-07,11.255131721496582,11.708896142615622,11.23733748752992,11.56653887681739,6148100
2020-07-08,11.566540718078613,11.59323249753575,11.192852411613226,11.584335803394284,4710100
2020-07-09,10.979313850402832,11.477564240727988,10.890340142158115,11.40638561353868,4011800
2020-07-10,11.22844123840332,11.246236322933989,10.819163627877593,10.908137353498272,3901000
2020-07-13,11.477564811706543,11.788971957538575,11.068287260749461,11.299618234880901,4235400
2020-07-14,11.539847373962402,11.771177512086057,11.16615911816447,11.441976115029071,3245300
2020-07-15,12.474068641662598,12.509657960744413,11.913536229736781,12.029201728881755,6024500
2020-07-16,12.491863250732422,12.687604935797625,12.10927742276778,12.305019107832983,3145900
2020-07-17,12.153764724731445,12.589734124428816,12.127072945784924,12.52745302404815,2950500
2020-07-20,11.673307418823242,12.118174321286855,11.513155062411133,12.020303908210721,3904600
2020-07-21,12.144865989685059,12.36729943893582,11.628820455304595,11.753383492350878,8954300
2020-07-22,12.189352035522461,12.313915064253377,11.83345887988586,12.01140545770416,6732400
2020-07-23,12.340606689453125,12.518553265117946,11.993610230519572,12.171557654700596,8521300
2020-07-24,11.984716415405273,12.367301432806313,11.940229548679644,12.287226090919868,5701400
2020-07-27,12.144865989685059,12.767680326400207,11.922432540434297,12.758782784786272,9237900
2020-07-28,12.020305633544922,12.393993953133,11.993613004634058,12.091484280274422,4954000
2020-07-29,12.340606689453125,12.803268634697863,12.082583942610084,12.135968339567633,5013800
2020-07-30,11.833460807800293,12.153764700057334,11.611027337159372,12.082586057333547,3650700
2020-07-31,11.88684368133545,11.958022319961936,11.611026668786883,11.824562584666348,4210100
2020-08-03,11.869049072265625,12.002508803359524,11.539847666853237,11.904638390458416,3528700
2020-08-04,11.815665245056152,11.975817608966565,11.699999743178223,11.771178383023669,2965100
2020-08-05,12.224942207336426,12.883345015637603,12.118174253167284,12.162661112866827,8402700
2020-08-06,12.482964515686035,12.652014406615745,12.046995173420981,12.198249981719673,5734700
2020-08-07,12.910035133361816,12.927829364676125,12.278324224155856,12.527449402168935,5324000
2020-08-10,13.728591918945312,13.773077927259427,13.12357270249169,13.141367784630313,7308200
2020-08-11,13.81756591796875,14.262433674262029,13.773079057487793,14.075588690538753,7407700
2020-08-12,13.879846572875977,14.07558738318554,13.354903534693703,13.968819437057721,6203800
2020-08-13,13.728591918945312,14.342508676468244,13.381595453888167,14.342508676468244,7275900
2020-08-14,14.173460960388184,14.298023160366022,13.577339193728585,13.835361984632266,9453700
2020-08-17,14.084487915039062,14.19125588383936,13.879849520300922,14.155666560905928,5944800
2020-08-18,13.639619827270508,14.022205653584724,13.434981449438647,13.90654015147772,4410700
2020-08-19,13.417184829711914,13.89764101889463,13.363801280089513,13.506158543770878,4930800
2020-08-20,12.776577949523926,13.399392331574656,12.776577949523926,13.248137507192775,4407500
2020-08-21,12.936727523803711,13.12357162838578,12.821062044918033,12.936727523803711,5557000
2020-08-24,13.639619827270508,13.684106689391097,13.043498080997049,13.043498080997049,6315300
2020-08-25,13.292621612548828,13.93323013861028,13.292621612548828,13.82646219235274,4589100
2020-08-26,13.212547302246094,13.443877445948694,13.141368665950482,13.31041771502349,4043500
2020-08-27,13.248138427734375,13.604031657764178,13.239240884854532,13.328213768103787,6034100
2020-08-28,13.239238739013672,13.372698466514345,12.981215976933784,13.346006690717461,5969500
2020-08-31,13.105778694152832,13.248136817377016,12.910037865687618,13.19475241510341,5365000
2020-09-01,13.123575210571289,13.159164533133879,12.732092662382811,12.936731054988602,3704800
2020-09-02,13.105778694152832,13.346007231609624,12.936729642566277,13.274828594255675,5499600
2020-09-03,13.087985038757324,13.586236370819487,13.007908856058377,13.159163679263871,5228100
2020-09-04,12.9545259475708,13.301521625258458,12.580837641971502,13.292624082621243,5284600
2020-09-08,13.346006393432617,13.506158741679004,12.705397848963306,12.821063339528337,5786300
2020-09-09,12.972320556640625,13.292624464125883,12.749887075424542,13.221445818018047,3872800
2020-09-10,14.057794570922852,14.191254304945634,13.087984568240666,13.087984568240666,9977000
2020-09-11,14.3691987991333,14.689503471587633,13.977716347653326,14.15566291650786,10565400
2020-09-14,15.588135719299316,15.828364239272213,14.431480825188578,14.538249621965129,13348500
2020-09-15,14.983115196228027,15.650415451296263,14.867448868344777,15.650415451296263,7037100
2020-09-16,16.104183197021484,16.549050126789854,15.757185837819947,15.819468633494953,10388300
2020-09-17,15.65931510925293,16.015208287342933,15.365703025199611,15.890646099269565,6578600
2020-09-18,15.445777893066406,15.766080877679183,15.152165833902465,15.62372361851075,11194000
2020-09-21,14.689504623413086,15.392393413373986,14.609428449020614,15.392393413373986,7483600
2020-09-22,14.78737735748291,14.894144469316387,14.449277543600727,14.698403632933248,4204300
2020-09-23,14.7606840133667,15.623725196363607,14.751786471641053,14.938631453814493,4920500
2020-09-24,14.538251876831055,14.831863992214897,14.155666033172439,14.5649445044233,5275900
2020-09-25,14.556047439575195,14.6628145593825,14.128974717764043,14.289126245991387,4514900
2020-09-28,14.751790046691895,15.080992382191717,14.671713848787423,14.849661332360242,5708400
2020-09-29,13.790872573852539,14.698401369871252,13.773077492275924,14.689503829082945,5850800
2020-09-30,13.906539916992188,14.155665152744005,13.74638755546501,13.835361278205953,5256900
2020-10-01,14.14676570892334,14.404789300481,13.92433228049048,13.97771667666149,5045700
2020-10-02,14.3691987991333,14.493762670105731,13.550643733886274,13.550643733886274,4409800
2020-10-05,15.09878158569336,15.107679127107811,14.5827360628827,14.5827360628827,6300500
2020-10-06,14.974222183227539,15.855058582590004,14.965324640159293,15.401294068306402,7422500
2020-10-07,15.899542808532715,16.033002531200975,15.36570222082723,15.36570222082723,5206200
2020-10-08,16.611328125,16.682506752596453,16.015206482492594,16.166461278264094,6438600
2020-10-09,16.74479103088379,17.154069490339083,16.56684527649543,16.878250770933224,5253800
2020-10-12,17.082889556884766,17.16296573426333,16.726994680965575,16.815968399945373,5046900
2020-10-13,16.83376693725586,17.10068645193173,16.655819462783356,16.97612423802071,5277300
2020-10-14,16.904945373535156,17.07399530243971,16.726997901316377,16.904945373535156,2954200
2020-10-15,17.385398864746094,17.438782416343123,16.575739564189846,16.762584540328213,4130000
2020-10-16,17.37649917602539,17.563342432042294,17.207449303653693,17.38539671636414,4461300
2020-10-19,17.848060607910156,18.40859388538403,17.394296139442186,17.438783850291586,6292700
2020-10-20,18.22174835205078,18.54205307251146,18.026007521231808,18.026007521231808,5642900
2020-10-21,18.22174835205078,18.453079350490984,17.85695761909616,18.22174835205078,6496000
2020-10-22,19.44068717956543,19.494070741485917,18.292929567561526,18.328519740197073,6917100
2020-10-23,19.066997528076172,19.82327167373882,18.853461598188964,19.707605317737798,6410400
2020-10-26,18.924640655517578,19.04030531701639,18.36410734239669,18.906845570046144,6090700
2020-10-27,19.05809783935547,19.627526921596537,18.862357016593233,18.933535651873367,5594800
2020-10-28,18.960229873657227,19.12927979820591,18.444184253959033,18.461979340128963,8333100
2020-10-29,20.22364616394043,21.220148633458034,19.253836315787225,21.202353552548434,14134000
2020-10-30,19.778783798217773,20.32152200952548,19.547452785152732,20.214753196944418,10682300
2020-11-02,21.0244083404541,21.513762934548826,19.99231729800713,20.08129101484549,8939400
2020-11-03,21.40699577331543,21.478174412827258,20.784183101845098,21.202357396848004,6529000
2020-11-04,21.211254119873047,21.762888130530975,20.69520857908052,21.122280399660703,5372700
2020-11-05,21.98531723022461,22.394595583365625,21.75398797931317,21.798473982096393,6047700
2020-11-06,21.638324737548828,22.172165332113398,21.46037900404895,21.80737462685131,4304800
2020-11-09,22.181062698364258,24.90364750302379,21.994217728076006,23.7114041401467,7691300
2020-11-10,23.133081436157227,23.159774064130733,22.083195160991007,22.287833551023002,5772100
2020-11-11,22.545852661132812,23.97832449723156,22.53695512026502,23.97832449723156,4768000
2020-11-12,22.49247169494629,22.955131993954982,22.136576807509858,22.305626709338902,4883000
2020-11-13,23.435588836669922,23.560151027792884,22.866159737784862,22.901748207948888,3189600
2020-11-16,24.280838012695312,24.565552578231216,23.89825217886919,24.503271479149323,6107800
2020-11-17,25.321823120117188,25.321823120117188,23.827071762410053,24.01391504573624,4414600
2020-11-18,24.894750595092773,25.61543617406583,24.876955512320784,25.366310106355485,3705900
2020-11-19,25.268436431884766,25.32181997806351,24.57444524046408,24.69010987335675,3454400
2020-11-20,25.321823120117188,25.588744278196444,25.10828721187331,25.17057000334792,3861200
2020-11-23,25.686616897583008,26.069201026106843,25.286235987807018,25.900152817119324,4852800
2020-11-24,26.798786163330078,27.00342455570444,26.06920293033115,26.505174040391676,5438900
2020-11-25,26.416196823120117,26.478477917184556,25.89125374881622,26.309428021129268,3686100
2020-11-27,25.802282333374023,26.336122996919336,25.633232422227593,26.238251727776767,5925000
2020-11-30,25.197261810302734,25.579847628974353,24.707908882300615,25.49087390651053,6126900
2020-12-01,25.23285484313965,25.766693844471572,25.00152381728051,25.65992672301831,4641100
2020-12-02,25.33962059020996,25.50867050321355,24.734601278014136,24.78798653287803,4832300
2020-12-03,26.042510986328125,26.469582839987982,25.51756786315062,25.535362947977955,4627500
2020-12-04,26.11368751525879,26.353916049888344,25.70440908251593,26.13148259864599,4775200
2020-12-07,26.46068572998047,26.469583272539534,25.633232939347273,25.82897548158128,3760300
2020-12-08,26.247150421142578,26.469583899287855,25.722207276957107,25.837873635930997,4265300
2020-12-09,26.362812042236328,26.90555020935856,25.962432845976664,26.407299750953555,4186500
2020-12-10,26.35392189025879,26.59414878109318,25.83787623689543,26.08700067139523,2652200
2020-12-11,26.09589195251465,26.77208983551419,25.944637140566954,26.309427858140946,2949600
2020-12-14,25.8289737701416,26.69201497679283,25.775588518324536,26.442888892744357,4336400
2020-12-15,26.442888259887695,26.55855460569049,25.926842717234837,26.487375968670527,3118200
2020-12-16,26.398399353027344,27.537259117480637,26.12258237695289,26.6742163291018,4444700
2020-12-17,26.540760040283203,26.754295955511548,26.11368820982651,26.603041136762393,2989800
2020-12-18,25.677717208862305,26.44288709897578,25.508667316974417,26.33611999664948,6731900
2020-12-21,26.13148307800293,26.345018991468795,24.610037361138847,24.885854370569845,4561600
2020-12-22,26.84326934814453,27.09239542803462,26.282737789682557,26.718707156715777,5135000
2020-12-23,27.154672622680664,27.26143971512916,26.620832069341176,27.092391535913652,4800100
2020-12-24,27.448286056518555,27.741898121105557,27.021214271125178,27.59064331831635,1945300
2020-12-28,27.457183837890625,28.160072612041787,27.41269613254407,27.59064355986541,4318000
2020-12-29,26.789884567260742,27.670720802805427,26.51406587454031,27.403799651498474,3449400
2020-12-30,27.982131958007812,28.11559170419361,27.07460296869202,27.24365288561149,2673100
2020-12-31,27.65292739868164,28.03551321752417,27.492775037581737,27.759696205092446,2633300
2021-01-04,29.103193283081055,29.476883263250752,28.133384952377806,28.507073235514866,10472700
2021-01-05,28.93414306640625,29.32562470954936,28.693914537409896,28.818476724134293,4557600
2021-01-06,30.535659790039062,31.19406421016287,29.27223958680603,29.290031273724683,6618900
2021-01-07,31.025014877319336,31.46098590771828,30.428894894639956,31.06060504185494,4926600
2021-01-08,30.455585479736328,31.336423374765356,30.26874220911543,31.131785022076055,4079600
2021-01-11,30.749202728271484,30.86486568372949,29.39680688435923,29.895055662492787,3983700
2021-01-12,31.443195343017578,31.5410666125196,30.686922905336246,30.775894935393325,2806700
2021-01-13,30.277639389038086,31.28303950884167,30.12638627588034,31.274143664447394,6364300
2021-01-14,30.304330825805664,31.14067927592434,30.161973570592597,30.793683678471538,3942300
2021-01-15,29.912845611572266,30.491173865844228,29.503568930059778,30.188664276451377,4218400
2021-01-19,29.66372299194336,30.544560886880156,29.628132827810287,29.984027681011284,3930000
2021-01-20,29.97513198852539,30.179770365398717,29.601445403121556,29.708212514084757,3325500
2021-01-21,30.02851676940918,30.53566478110065,29.87726364742568,30.224259298155083,2312700
2021-01-22,30.5445613861084,30.553457230254633,29.645928394417574,29.930642924005877,3713600
2021-01-25,30.046310424804688,30.998325306336724,29.637033696944474,30.286538954826565,3494800
2021-01-26,29.174373626708984,30.500075156653924,29.138783458291133,30.47338422737317,3378600
2021-01-27,27.234750747680664,28.43588995772052,26.905548512070563,28.41809657238866,6423000
2021-01-28,28.80068588256836,29.005324275761453,27.457189164103962,27.457189164103962,4571000
2021-01-29,28.13338279724121,28.747299579016175,27.884256728556405,28.498171813298864,3781200
2021-02-01,28.338022232055664,28.889657941809414,27.715207885272328,28.649429405447336,4172700
2021-02-02,29.761592864990234,30.001821370641764,28.658321586523744,28.693911749005014,6155100
2021-02-03,30.784786224365234,31.22965309693736,30.2776382611582,30.339919351793107,7944300
2021-02-04,32.19057083129883,32.53756648831228,30.50897440480886,32.20836591551301,10519700
2021-02-05,33.40950393676758,33.59634722257202,32.58205122070202,32.68882172178897,6321900
2021-02-08,34.12128829956055,34.45049223411283,33.3650159620468,33.45398798031961,5065100
2021-02-09,34.12128829956055,34.566155179054505,34.02342043708642,34.33482589510622,5020300
2021-02-10,34.841976165771484,35.073305464987484,33.97003743170324,34.45049450784243,5725600
2021-02-11,34.806392669677734,35.74951191907765,34.317039654957945,34.717420628479886,5274100
2021-02-12,34.0857048034668,34.66402976593242,33.84547625817236,34.46829062811364,3559400
2021-02-16,34.75299835205078,34.948737451374136,34.0945939432415,34.2814371992584,4253100
2021-02-17,34.388221740722656,34.699627294715505,33.578563906275264,34.61065524902211,2993400
2021-02-18,33.80099105834961,34.24585799129197,33.525172338061815,34.11239655378312,3400100
2021-02-19,35.10890197753906,35.224568345084144,34.15688689205563,34.25475817274256,4054800
2021-02-22,36.434600830078125,36.90615867145395,35.349124476955446,35.52707192085403,6330600
2021-02-23,36.15877914428711,36.34562241766283,34.5839499956955,35.99862679737509,3839000
2021-02-24,37.0930061340332,37.20867249469218,35.7762003315171,36.25665746588618,4321700
2021-02-25,37.73361587524414,38.187378686632776,36.87947211612108,36.88836796204158,6385200
2021-02-26,37.493385314941406,38.187376658105634,36.68372761656134,37.813690056114254,4458400
2021-03-01,36.923954010009766,38.48098821525114,36.85277367433314,38.383116950728386,5871300
2021-03-02,37.653533935546875,37.78699536243237,36.55916177490702,36.923952495120304,3704300
2021-03-03,36.986236572265625,38.116198990417416,36.96844148764134,37.61794680313356,3344400
2021-03-04,36.27444839477539,36.95954384622229,35.16228111529637,36.479086766911706,3017600
2021-03-05,37.28874206542969,37.42220348819953,35.758398899012725,36.92395135646576,3550700
2021-03-08,39.103797912597656,39.593150782785415,37.386611550942675,37.653530989766466,5453100
2021-03-09,38.578861236572266,39.210571471175555,38.18737616065388,39.059318342072814,5298500
2021-03-10,38.231868743896484,39.37072710862113,37.68913049381188,38.79239868612247,4112000
2021-03-11,39.210575103759766,39.25506112267216,38.125098593155734,38.33863623562719,3585600
2021-03-12,39.69102096557617,40.03801656609867,38.961439601896885,38.961439601896885,4213600
2021-03-15,41.22136688232422,41.30143966271786,39.47748612678868,39.521972136140135,4538900
2021-03-16,39.86896896362305,40.99893118818453,39.41520286860852,40.99893118818453,3391700
2021-03-17,40.11810302734375,40.49178964867938,38.979244683388764,40.340536509776555,3044700
2021-03-18,40.35832214355469,41.265850946621,40.1002985497872,40.171478876646425,2874000
2021-03-19,39.76219940185547,40.598551285095134,39.272846526337595,39.73550847590181,5210200
2021-03-22,38.84577560424805,40.02912312744901,38.39201288262504,39.98463372445084,3803300
2021-03-23,36.55915451049805,38.62333623336049,36.372311265236696,38.258545585632156,6132200
2021-03-24,36.15877914428711,37.93824664858521,36.12318897962557,36.897259787721985,3669800
2021-03-25,37.20866394042969,37.36881628173373,35.20676306819395,35.20676306819395,3523500
2021-03-26,37.19087219238281,38.14288708765616,36.02532308560681,37.79589144841552,2989500
2021-03-29,35.13559341430664,37.2531576652309,34.55726501822522,36.92395707060243,5429100
2021-03-30,36.434600830078125,36.559163022587576,34.82418138419048,35.14448610439489,4463600
2021-03-31,36.665924072265625,36.90615257272123,35.96303365175455,36.35451864245167,3202900
2021-04-01,36.505775451660156,37.27094703596023,35.99862747491522,37.039617749436125,4292500
2021-04-05,37.98273849487305,38.09840485076713,36.399013258748845,37.039622744850966,4075900
2021-04-06,38.133995056152344,38.9258576749465,37.79589522772306,38.00943285464299,4342800
2021-04-07,38.33863067626953,39.08600722544652,38.01832595604151,38.480987952585856,2468400
2021-04-08,38.58774948120117,38.801287061828965,37.60014453466896,38.338625132189335,2678400
2021-04-09,39.97574234008789,40.13589470536654,38.75680791019179,38.97034213451978,3206800
2021-04-12,40.50069046020508,40.68753377812299,39.664341755668424,39.74441455414834,2865900
2021-04-13,40.091400146484375,40.43839573260853,38.89025766290318,40.36721541029353,3273200
2021-04-14,40.41171646118164,41.0523260242761,40.26046331104313,40.304949332021174,2924200
2021-04-15,41.15018844604492,41.87976989399554,40.37612098669539,41.070112267900825,2942600
2021-04-16,41.42600631713867,41.71961670174033,40.96334434091738,41.44380140015468,2874100
2021-04-19,40.24265670776367,41.07010935861669,40.02022327246049,41.07010935861669,2518200
2021-04-20,38.72122573852539,40.05582679543844,38.24966778451723,39.88677855009322,2899600
2021-04-21,39.97574234008789,40.020228353984116,38.28524665950898,38.49878427790227,3677700
2021-04-22,40.180381774902344,40.91886252242955,39.74441068150857,40.207072705128255,1977100
2021-04-23,41.24806213378906,41.40821449949748,40.25156116476524,40.58965758653608,2284200
2021-04-26,40.909969329833984,41.9242655571253,40.61635887175455,41.29255522526013,2610600
2021-04-27,42.14669418334961,42.41361367637747,41.13239807340443,41.14129731314247,2653200
2021-04-28,42.262351989746094,42.83178103139967,41.60394753904364,41.86197113418817,1966400
2021-04-29,42.62714385986328,43.24105892597699,42.19117282863593,42.48478659551525,3383000
2021-04-30,42.573760986328125,42.92076001945654,42.11999824156804,42.28015059714574,4430200
2021-05-03,43.187679290771484,43.970642587857405,42.83178441459419,43.14319327976559,5928800
2021-05-04,42.70722961425781,43.16989167570015,42.14669627523229,42.97414912053379,3803100
2021-05-05,43.0720100402832,43.472390900447564,42.38691465601639,43.08980512229772,3631300
2021-05-06,41.63954544067383,42.707226789217344,40.4917879061379,42.707226789217344,6946900
2021-05-07,43.7037239074707,44.19307682539617,41.506083699173026,41.65733681810457,4772000
2021-05-10,41.83528518676758,43.96174850213817,41.737413922199856,43.694829031358616,3500200
2021-05-11,41.38152313232422,41.60395661235923,40.1358976805675,40.97224634363553,4014900
2021-05-12,39.80669403076172,41.63954359362896,39.584260567767906,40.89216702220713,3253600
2021-05-13,40.3138427734375,41.18578155662731,39.69102838714039,39.98463879861174,3004600
2021-05-14,41.65732955932617,41.76409664785401,40.29603814988641,40.50957232694209,3293700
2021-05-17,42.14669418334961,42.1644892687602,41.01673171526834,41.61285519729388,4063200
2021-05-18,41.20357131958008,42.71611598429183,41.159081916682155,42.58265795779281,3650900
2021-05-19,39.67323684692383,40.53627986192877,39.290650978049406,40.31384637509786,3275400
2021-05-20,38.80129623413086,39.7711063286937,37.49338630451033,39.65543997042506,5270700
2021-05-21,38.16067886352539,39.35292218895484,38.10729701230895,39.21946416684892,4052700
2021-05-24,38.61445236206055,38.94365295254344,37.89376668596676,38.40981057963733,2455100
2021-05-25,38.54326629638672,39.45079514086911,38.45429427781715,38.925852085552776,2468600
2021-05-26,39.45079803466797,39.78889783934957,38.65003623254449,38.65003623254449,2803600
2021-05-27,40.11810302734375,40.25156447442967,39.55756970127471,39.82448920138096,2478900
2021-05-28,39.94015121459961,40.44729922781176,39.139392801453425,40.44729922781176,2169300
2021-06-01,40.011329650878906,40.50068255691419,39.59315368318045,40.39391545237641,2971400
2021-06-02,38.000526428222656,40.01132653935841,37.724711146777025,39.949045450382634,4552800
2021-06-03,37.831478118896484,37.91155428932617,36.95064024416996,37.69801670349208,3570800
2021-06-04,38.03612518310547,38.14289230345653,36.37232369853371,37.9115629770183,6478800
2021-06-07,38.56996154785156,38.88137043589208,38.22296588483197,38.489885364534324,3477600
2021-06-08,39.148292541503906,39.38852110756918,38.22296844867444,38.45430116891459,3129700
2021-06-09,38.632240295410156,39.18387769982862,38.48988302196204,38.9436491644977,2468000
2021-06-10,38.009422302246094,39.1482802788015,37.63573240739854,38.86356578466265,2719300
2021-06-11,39.41520690917969,39.43300199257946,38.34752566364903,38.37421998578125,2308600
2021-06-14,38.498775482177734,39.75329979419872,38.07170373702852,39.468585297432575,2491900
2021-06-15,38.747901916503906,38.783492079042986,37.90265422355661,38.623339741681825,2358700
2021-06-16,38.4898796081543,38.819083531482704,37.7336072964249,38.51657392797798,2099500
2021-06-17,37.58236312866211,38.7746067443316,36.85277817513394,38.445402742719615,3619500
2021-06-18,36.630340576171875,37.44000162915132,36.46129236837757,37.16418291679353,4497200
2021-06-21,37.51118087768555,37.724718505875764,36.79049520086721,36.86167554161911,2575300
2021-06-22,37.635738372802734,37.78699488095,36.83498000388823,37.39550984390887,1698300
2021-06-23,37.90265655517578,38.311936661423076,37.6535321902065,37.742504207962696,2060900
2021-06-24,38.285240173339844,38.56105884327255,37.74250207118517,38.21406324197753,1724400
2021-06-25,38.685611724853516,39.49526906471765,38.543254502264126,38.76568787468904,7019500
2021-06-28,37.91154861450195,38.60553972496868,37.70691029716085,38.534362803054684,3479500
2021-06-29,37.51118087768555,38.374223841942204,37.34213265949799,38.098405112626814,3966100
2021-06-30,38.685611724853516,38.7834829517707,37.439986875712336,37.493368712893414,3670400
2021-07-01,37.80479049682617,39.70882027778979,36.46129056378469,38.91695774216147,9417800
2021-07-02,37.95603561401367,38.107292092416635,37.137482323103754,38.027215931865506,3672700
2021-07-06,37.11079406738281,38.04501383033574,36.665927190351425,37.86706979477512,3387600
2021-07-07,36.39012145996094,37.395518422483875,35.81179301024372,36.977345756167516,3832600
2021-07-08,35.927452087402344,36.176576467333646,34.94874286297985,35.5893522903062,3164700
2021-07-09,37.27984619140625,37.368818210471865,36.56805646262148,36.63923679312594,2367000
2021-07-12,37.84037780761719,37.97383923658248,36.61254759502311,36.915057225821315,3031500
2021-07-13,36.96844482421875,38.10730658450303,36.523577850656395,37.787001820487625,2460300
2021-07-14,36.870567321777344,37.662433252035264,36.79049114429351,37.075205687777114,1909700
2021-07-15,36.13208770751953,36.790488774134694,35.66942575564854,36.51467348706545,2204600
2021-07-16,34.75299835205078,36.40790012628354,34.66402294866326,36.35451827831563,3101300
2021-07-19,33.64083480834961,34.41490223199299,33.19596792675101,33.53406431303918,4587600
2021-07-20,35.06441116333008,35.38471589485232,33.51627275899434,33.65863343439561,3027900
2021-07-21,36.3011360168457,36.78159305239323,35.740602808706925,35.740602808706925,2600900
2021-07-22,35.518165588378906,36.17656998109024,35.31352725668789,36.17656998109024,2516600
2021-07-23,35.66943359375,36.31004311311992,35.43810426401399,35.86517614557206,1477700
2021-07-26,36.70151901245117,36.728209940177585,35.91855232318066,35.927451561799515,1864600
2021-07-27,36.49687576293945,36.55915684867649,35.80288458240414,36.2032620209809,2182000
2021-07-28,36.00752258300781,37.03961350077655,35.26904201038182,36.86166608859616,2318000
2021-07-29,36.71041488647461,37.08410484526975,36.29224231080978,36.34562416630546,2059800
2021-07-30,37.635738372802734,38.827981778758364,37.17307639797734,37.39550984390887,4543600
2021-08-02,37.66244125366211,38.93475773100463,37.62685107964903,37.97384679111206,3251300
2021-08-03,38.641143798828125,38.863577275268966,37.10190454914537,38.04502031705261,2663600
2021-08-04,38.0272331237793,39.068220287504516,37.97384786125522,38.392023932529064,2706300
2021-08-05,38.6678352355957,38.86357778352451,38.04502081460312,38.04502081460312,2238400
2021-08-06,39.15718078613281,39.37961422330346,38.67672714133353,38.89916057850418,2405600
2021-08-09,38.418701171875,38.91695326229308,38.25854883545721,38.71231152593115,1567700
2021-08-10,39.00593185424805,39.82448536152479,38.400912568841214,38.44539858222534,2258500
2021-08-11,39.22836685180664,39.31733888205992,38.59665661243833,39.014829227507214,2132100
2021-08-12,39.77111053466797,40.06472099016607,39.25506318479162,39.35293446797961,2787000
2021-08-13,39.35293197631836,39.79779894877604,39.10380755784307,39.7533129303434,2241500
2021-08-16,38.988136291503906,39.3885171951769,38.534373530051326,39.3885171951769,2602800
2021-08-17,37.3955078125,38.6678273256383,36.93284586280745,38.53436930176814,3353200
2021-08-18,36.888362884521484,38.08950556239281,36.71041544401479,37.05741448033215,4597500
2021-08-19,35.74060821533203,36.87946988602835,35.2957412767649,35.989736008894084,8507000
2021-08-20,36.10539627075195,36.17657320399813,34.77079568025414,35.94524392836703,8825700
2021-08-23,37.64463806152344,37.72471423877906,36.372318464053684,36.46129048586434,5465600
2021-08-24,38.53438186645508,39.0771167709973,37.91156736978888,37.947157545384876,7209100
2021-08-25,38.400901794433594,38.74789735316219,38.00052099818356,38.09839223660738,3296100
2021-08-26,37.23535919189453,38.151787338951,36.84387753103902,38.116197171400906,3717800
2021-08-27,37.9471549987793,38.2496646829122,37.244264351225546,37.31544130357496,3145000
2021-08-30,36.70151901245117,38.08950495333093,36.665928846105906,37.991633692913986,2975500
2021-08-31,35.87406539916992,36.959541686616156,35.5626599367378,36.692622233950765,3910800
2021-09-01,36.06980895996094,36.719314224753326,35.936347532729386,36.48798153676064,2879500
2021-09-02,36.140987396240234,36.74600667504446,35.81178682791197,36.10540062236045,3184600
2021-09-03,36.320037841796875,36.52594348982391,35.73812805144114,36.078321624960665,2193200
2021-09-07,36.481178283691406,36.803466540095656,36.16784437612253,36.54384506520518,4339900
2021-09-08,35.25469970703125,36.23051552769709,35.120411778970755,36.23051552769709,3556300
2021-09-09,36.27527618408203,36.687087478385045,35.487460749049106,35.57698717069137,2288700
2021-09-10,36.23051452636719,36.9914703241219,36.19470395786293,36.5169922442337,2226600
2021-09-13,36.0872688293457,36.68708037025821,35.979837144189894,36.58860303307362,2474400
2021-09-14,35.85450744628906,36.33793983619188,35.41583997088664,36.33793983619188,2835400
2021-09-15,35.75603485107422,35.79184542140093,35.15622316597956,35.52327297411849,3048800
2021-09-16,36.44535827636719,37.15260138745912,35.83659248645041,35.872403042347294,3041500
2021-09-17,36.167842864990234,37.06308646644956,35.9887934616817,36.400604698733,3416700
2021-09-20,34.028202056884766,35.48744983768093,33.500008284393076,35.03087718048161,4471300
2021-09-21,34.422119140625,34.93240774962474,34.1177361620038,34.46688064025798,3300800
2021-09-22,34.896602630615234,35.32631924131321,34.44898073425267,34.67279168243395,2113400
2021-09-23,36.12308120727539,36.704990966683084,35.55012579713567,35.621746930944944,3298900
2021-09-24,35.32630920410156,35.67545363764903,34.35049361068485,35.442691820311744,2619600
2021-09-27,35.89927291870117,36.38270536210576,35.38003332085037,35.38003332085037,2156200
2021-09-28,35.41584014892578,36.24841701958269,35.31736280066347,35.77393556114458,1914100
2021-09-29,34.69069290161133,35.782891293533986,34.53850311392828,35.7560316606436,2451100
2021-09-30,33.14192581176758,34.350503573033855,32.7122091985377,34.30574206615067,6718900
2021-10-01,34.03715896606445,34.269920778120884,32.873343075616276,33.2761999266723,2696900
2021-10-04,34.00135040283203,34.76230948692002,33.661156889768186,34.153543585682904,3673100
2021-10-05,34.41317367553711,35.38003870961021,34.135650257118805,34.27888914197211,2866800
2021-10-06,33.688026428222656,34.42212609886496,33.32097659290151,34.09088683652251,3583700
2021-10-07,34.18040466308594,34.99507629166829,34.09088165931878,34.278882016280015,3175100
2021-10-08,33.44630432128906,34.11773707908234,32.94496663270665,34.09983179573115,2190100
2021-10-11,33.50897216796875,34.001355522946106,33.267255957688874,33.419449163457855,3029800
2021-10-12,34.359458923339844,34.54745930677056,33.36573773222864,33.85812115244041,3498100
2021-10-13,34.38631057739258,34.74440942547757,34.01926079489313,34.69069357373971,2544600
2021-10-14,35.075653076171875,35.353179889290764,34.654887388720304,34.95927042356278,2142300
2021-10-15,35.09354782104492,35.62174165181755,34.99507048419328,35.42478697811426,1755100
2021-10-18,34.54745864868164,34.63698166334787,33.902882014815695,34.45793563401541,2554900
2021-10-19,34.359458923339844,34.69069818201552,34.19831476180374,34.69069818201552,2786300
2021-10-20,34.5832633972168,35.218885573535275,34.3684034170797,34.3684034170797,2529900
2021-10-21,34.69069290161133,35.2636483153794,34.43107141253403,34.86078797286008,2205300
2021-10-22,34.57431411743164,34.860791856228275,34.35945752087618,34.75336355795054,1508000
2021-10-25,35.487457275390625,35.67545761981143,34.57430835452511,34.69964191747232,1837200
2021-10-26,35.01298141479492,35.89927075930786,34.97717084741889,35.74708097058523,2554500
2021-10-27,34.07297897338867,34.8249838736527,34.046119338143704,34.8249838736527,2080700
2021-10-28,34.91450500488281,35.53222194092366,34.08192807386737,34.377360140071964,3109100
2021-10-29,34.896602630615234,35.29946302035835,34.52060187691102,34.84288677362147,1926700
2021-11-01,35.26365280151367,35.5143199731554,34.64593580778909,34.81603090067682,3586600
2021-11-02,35.487457275390625,35.80974553158828,35.04878980507541,35.532218774288424,3087900
2021-11-03,37.4390869140625,37.75242080665051,36.54384331800154,36.80346478047921,4026700
2021-11-04,37.57337188720703,38.44175578535917,37.465940205203914,37.48384548553777,4413900
2021-11-05,38.056800842285156,38.84461610251996,37.77927753447968,38.32537663253734,5027700
2021-11-08,37.913570404052734,38.397002835381144,37.483853825677635,38.19109718835248,2756200
2021-11-09,38.02100372314453,38.27167088406123,37.22423732015879,37.994144087986356,3664100
2021-11-10,38.14633560180664,38.74614725726517,37.4211869563974,37.4211869563974,5754900
2021-11-11,41.34234619140625,42.094350887803586,40.026337118940155,40.10690917266426,9926500
2021-11-12,40.760440826416016,41.84368819943888,40.63510726633487,41.628828228525926,4219500
2021-11-15,40.19643783569336,40.8320599535669,39.75776698182883,40.7604388284122,4118000
2021-11-16,40.81415939331055,41.252830297916766,40.232249636909486,40.37548848870433,2318500
2021-11-17,40.4560661315918,40.814165017970836,40.1427321673232,40.599305003126595,2403400
2021-11-18,41.03797149658203,41.24387713853453,40.56349342665165,40.89473264065491,6162000
2021-11-19,41.17225646972656,41.68254507086738,40.89472971214261,41.037968557812256,3030100
2021-11-22,41.36025619506836,42.12121191096668,41.23492263386943,41.405017693341776,3016700
2021-11-23,41.17225646972656,41.70045035346152,40.608252020803334,41.14539683829362,3328500
2021-11-24,39.45338821411133,40.3128213166112,39.050527880100894,40.3128213166112,5723900
2021-11-26,37.42119216918945,38.35224659087414,36.31109170994439,38.35224659087414,3411400
2021-11-29,37.36746597290039,38.27166042414424,36.90193893336985,37.985182771368976,3389500
2021-11-30,35.917179107666016,37.26899911324547,35.3889851465937,36.99147231502646,4526600
2021-12-01,34.807071685791016,37.725564282392824,34.79811733745715,36.85717690850443,4372700
2021-12-02,36.89748001098633,37.09570588984678,35.13144763751855,35.284622336510026,4070100
2021-12-03,36.78034591674805,37.56424748218535,36.140610195956505,37.11372878801922,3719400
2021-12-06,38.16794204711914,38.51033719671037,37.22185353313898,37.43810056863948,4082500
2021-12-07,39.37533950805664,39.86190058385375,38.8166972194666,38.83471494477586,3414700
2021-12-08,39.2131462097168,39.68168604806528,39.0689803700084,39.276218549765176,3192300
2021-12-09,38.96986770629883,39.961007475400095,38.906795363020656,38.92481652355512,2277400
2021-12-10,38.95185089111328,39.20414029237062,38.65451030208647,38.969872053658136,2555500
2021-12-13,37.88861846923828,39.26720790069058,37.23086164069275,38.942833916819446,3438400
2021-12-14,38.25804138183594,38.735593468758225,37.55523341623157,37.75346271409307,5785900
2021-12-15,37.6273193359375,38.52835671257301,36.53706493513289,38.14992266423481,4623200
2021-12-16,37.10472106933594,38.357162527743846,37.02362756440093,37.834562613751,4146000
2021-12-17,37.17680740356445,37.564253820901094,36.185667484024705,36.62717739117068,4742300
2021-12-20,35.437808990478516,36.51905131595906,34.79806970870704,36.51905131595906,4363400
2021-12-21,36.87945556640625,37.10471488286992,36.01446061611003,36.04149063418666,2809100
2021-12-22,37.01461410522461,37.34799694535649,36.60914663091041,36.80737250054271,2203900
2021-12-23,37.17680740356445,37.43810911519809,36.88847566561887,37.22186203033162,1847000
2021-12-27,37.05065155029297,37.438097851057194,36.90648572469589,37.3119531833078,2800200
2021-12-28,36.57311248779297,37.58227353159794,36.546082462525746,36.94253772758137,1914300
2021-12-29,36.57311248779297,36.771341838913436,36.2667595984183,36.60014251306019,2688900
2021-12-30,36.77133560180664,37.13174848058299,36.47399162556104,36.47399162556104,2855200
2021-12-31,36.582115173339844,36.78935678934539,36.0324852749984,36.60013633287009,2070600
2022-01-03,36.77133560180664,37.645339496657456,36.67222094305811,36.951540322602455,2267200
2022-01-04,37.52820587158203,38.059818029550996,37.140759547781705,37.320964262604036,2252200
2022-01-05,37.19483184814453,38.167954127448326,37.02363593775697,37.58227829966152,4091700
2022-01-06,37.347999572753906,37.888620618415345,36.71727272802571,37.47414425426259,2148400
2022-01-07,35.446807861328125,37.28492479597878,35.42878670269219,37.10471664680399,3045800
2022-01-10,33.78890609741211,35.0503599665896,33.167191462606425,34.7710371054643,5200500
2022-01-11,34.42863845825195,34.45567191771764,33.23926935730964,33.78890272491789,2943100
2022-01-12,34.734989166259766,35.00529968390995,34.00515111232272,34.59983562602703,2438900
2022-01-13,35.347686767578125,35.798205339844756,34.64487889474103,34.84310472925328,2604600
2022-01-14,34.57280349731445,35.04134334993972,33.815931956486686,34.780041683385946,3115000
2022-01-18,33.76187515258789,34.221402750631306,33.572654671336906,34.14932154025703,3090300
2022-01-19,33.75285720825195,34.50071983427612,33.75285720825195,34.10426121337286,2607400
2022-01-20,33.122135162353516,34.581818306687126,33.032032792192965,33.7168197420944,2392100
2022-01-21,32.93291473388672,33.942075612018975,32.72567655409432,33.08609287201964,3371200
2022-01-24,34.410614013671875,34.410614013671875,31.869689046227567,32.311198845392106,4949500
2022-01-25,33.75285720825195,34.11327351140317,32.93291338390831,33.428483222852776,2572600
2022-01-26,33.14015579223633,34.66291125869351,32.6986493734725,34.338537231822514,2661600
2022-01-27,33.39243698120117,34.4646699190751,33.131135390877525,33.7258197539546,2715800
2022-01-28,33.906044006347656,33.97812522309079,32.797768231086266,33.60869996467033,2785700
2022-01-31,34.19437026977539,34.27546377386122,33.41947755010746,33.52760107649359,2751300
2022-02-01,34.91520309448242,35.01431776934544,34.20338264518012,34.50973553239976,2448400
2022-02-02,35.23957443237305,36.537067094006886,34.671919889139794,36.446964725893366,4217700
2022-02-03,34.53675842285156,35.95138658861815,34.374571447664444,34.81607776230831,3132500
2022-02-04,34.66291046142578,34.92420869956403,33.83395425213471,34.26645179895333,2818000
2022-02-07,34.825096130371094,35.07738549700595,34.3385351199883,34.91519849354502,3322300
2022-02-08,35.67206954956055,35.93337121129978,34.734989861575926,34.98728266199319,4908900
2022-02-09,36.68122482299805,36.74429715414845,35.69008524447665,36.014459197355436,3959000
2022-02-10,36.69024658203125,37.95169696753413,36.221706688952416,36.654204258597844,5325300
2022-02-11,35.30264663696289,36.70826625935974,35.086396142292216,36.67222393738379,4801100
2022-02-14,35.18550491333008,35.753159359185595,34.89717326020636,35.53690890075059,3788700
2022-02-15,36.69024658203125,36.90649364826139,35.654052125024286,35.69009444845769,3265400
2022-02-16,36.87945556640625,37.14075719842836,36.36586459984384,36.48300040681658,3414200
2022-02-17,35.90633773803711,36.99659556552019,35.762171896652085,36.51904342321966,2936200
2022-02-18,35.56394577026367,36.54607663211634,35.51889115242572,35.89732863171905,3195900
2022-02-22,35.645042419433594,36.24873585532722,35.03233668430227,35.14046021485925,4307400
2022-02-23,35.284629821777344,36.22170968545658,35.1945274429251,35.996450301140534,3797900
2022-02-24,35.284629821777344,35.37473220062959,33.879010026258484,34.167341763208185,4223300
2022-02-25,36.72628402709961,36.8344109931568,35.266604357177584,35.347697863127976,3799400
2022-02-28,36.85243606567383,37.095713172161354,35.807232676478414,36.0054585942529,3498600
2022-03-01,34.96926498413086,36.94253577986376,34.76202678124262,36.60915288279878,4548500
2022-03-02,37.25788497924805,37.55522889020543,35.401750640001275,35.401750640001275,6778400
2022-03-03,36.07942199707031,37.52985312473732,35.725880468742254,37.26696202897306,4024700
2022-03-04,33.04258346557617,35.680550840893574,32.94286592722974,35.49924654009023,6026500
2022-03-07,29.11736297607422,33.042588355727965,28.80914838556773,32.788760913801234,9428900
2022-03-08,29.398378372192383,30.712830134996047,28.745684319911025,29.380247597618826,6013300
2022-03-09,32.525875091552734,32.75250464926794,30.857881408445092,30.857881408445092,6329700
2022-03-10,32.24485397338867,32.88848110289331,31.501509282787577,31.782531186050996,4439000
2022-03-11,31.138898849487305,32.634655265737265,31.075442852006883,32.57119926825684,4689900
2022-03-14,30.58592414855957,31.483375187745967,30.25957705864003,31.211420432177132,5388000
2022-03-15,31.864112854003906,32.53493431685688,30.903202415377702,31.33833069189934,5855300
2022-03-16,33.59555435180664,34.32076797442246,32.34455869148728,32.58025182205317,4666600
2022-03-17,33.93096923828125,33.93096923828125,33.01538411576936,33.205755525162566,4046300
2022-03-18,34.819358825683594,34.855620378316644,33.26921376058655,33.35986418407719,9841000
2022-03-21,34.33890914916992,35.082253769786035,33.79499617387779,34.94627466143991,3662200
2022-03-22,34.31171417236328,35.47205987686942,34.06695728946073,34.79217119346915,5512700
2022-03-23,34.02162551879883,34.221060621060786,33.74060710171227,33.94003874588188,5276300
2022-03-24,34.130409240722656,34.35703877496891,33.785931380402516,34.35703877496891,4547900
2022-03-25,34.855621337890625,34.991596976869985,34.23012164107247,34.36610073814392,2529300
2022-03-28,34.81029510498047,34.86468397574182,34.293580084195696,34.583665588562866,2278200
2022-03-29,36.40576171875,36.57799888899747,35.662417256283774,35.73493689603842,3028200
2022-03-30,35.50830841064453,36.34230676909952,35.3179404605301,36.115677269032325,3088800
2022-03-31,33.677154541015625,35.281688808506914,33.532111758605964,35.13664602609725,4266400
2022-04-01,32.734371185302734,33.96723643146737,32.471480089969205,33.90378043715822,3410400
2022-04-04,32.82501983642578,33.1604340259637,32.272043237660604,32.652782640946526,3251200
2022-04-05,31.238622665405273,32.562138675370264,31.138905089925558,32.32644541722174,3746000
2022-04-06,30.44994354248047,31.039181698944542,29.896966940464804,30.885071821584884,4599600
2022-04-07,30.187049865722656,30.631245224313023,29.289598947846667,30.39554859874528,4137400
2022-04-08,30.141725540161133,30.97572049672656,29.634074180887414,30.12359476396293,3800500
2022-04-11,30.413684844970703,31.519638152890817,29.588753423285574,29.833513751665887,4123100
2022-04-12,30.876007080078125,31.728132831203013,30.785353197133748,31.00291905810821,3592000
2022-04-13,31.211416244506836,31.58308850080478,30.912263632854113,30.912263632854113,3145400
2022-04-14,30.58592414855957,31.728135505185623,30.332096713015297,31.3383324209031,4329400
2022-04-18,30.740028381347656,31.120767778442655,30.368356101710113,30.72189760452484,3940500
2022-04-19,32.01821517944336,32.38082375923826,30.930392898150366,31.021046772144942,3236900
2022-04-20,31.69187355041504,32.544002820731855,31.664679112627834,32.30830616626845,2080800
2022-04-21,31.311134338378906,32.49867077303019,31.011981721407803,32.1451292861312,2949700
2022-04-22,29.878835678100586,30.9303965333852,29.797248910962466,30.80348455296859,2804900
2022-04-25,30.069204330444336,30.096402225501738,29.180816989294748,29.615945271199106,4596500
2022-04-26,29.407447814941406,29.95136078486194,29.017644730164008,29.878837672302264,2514200
2022-04-27,29.66127586364746,30.368358935251813,29.072037665248896,29.253341992301717,5718700
2022-04-28,30.2777099609375,30.522466837456125,29.2624070637149,29.915101289344776,3512800
2022-04-29,29.842575073242188,30.730965880593715,29.706599429082665,30.30490125442433,2599300
2022-05-02,30.459009170532227,30.486207067172344,29.479971343797686,29.924163311175082,2307900
2022-05-03,29.67940330505371,30.585921380297854,29.26240236229147,30.350224744202844,4188000
2022-05-04,30.141725540161133,30.214248644953937,28.53718815658603,29.733791720931535,3419000
2022-05-05,28.537189483642578,29.797249094231987,28.092995820406358,29.72472944415879,4078700
2022-05-06,27.50375747680664,28.27429815675263,26.832934334573057,28.083928469214943,4126600
2022-05-09,26.143983840942383,27.60347863006296,25.998941073842396,27.014240443542313,8051400
2022-05-10,25.645401000976562,26.651635038722738,25.101489728952373,26.515657652978255,7173000
2022-05-11,24.040863037109375,25.862964823422146,23.923014703048683,25.75418187883122,8022400
2022-05-12,27.766651153564453,28.61877872876772,25.473161259720065,25.627269419820166,11917900
2022-05-13,28.56438636779785,29.17175358159344,27.49469470209403,27.57628147178643,6160900
2022-05-16,29.03577423095703,29.58875083657471,28.328691205068036,28.337756593739186,6263200
2022-05-17,29.942289352416992,30.27770351253777,28.963251680575492,29.72472696227081,6204800
2022-05-18,28.872604370117188,29.933230709559737,28.192715735321865,28.555322661403462,5085900
2022-05-19,28.074867248535156,28.96325637383313,28.04767280988321,28.32869295991261,4035600
2022-05-20,28.473735809326172,28.836342734419826,27.67600057412013,28.700365353640482,5084200
2022-05-23,28.37401580810547,29.072035159331712,27.95701831249253,28.936057790286014,4137300
2022-05-24,27.23180389404297,27.938886888318986,26.996108986268958,27.938886888318986,6116000
2022-05-25,28.573450088500977,28.854470207121718,26.78760837731591,26.814804541974436,4174900
2022-05-26,30.2777099609375,30.558728396233914,29.10830062604817,29.10830062604817,3272500
2022-05-27,31.129833221435547,31.129833221435547,30.214251417022275,30.214251417022275,3029800
2022-05-31,31.274869918823242,31.700934470683485,30.567787009856556,31.220477595790566,5689200
2022-06-01,30.948530197143555,32.199526257254924,30.54966344175827,31.755330826270853,3834600
2022-06-02,32.10829544067383,32.172219527474944,31.395996482832043,31.45078656660359,2904000
2022-06-03,31.852602005004883,32.23614656087002,31.450789441410798,31.606036154690816,2200700
2022-06-06,31.615169525146484,32.13569631709137,31.33207808465841,31.91652897501042,3975700
2022-06-07,31.861726760864258,32.14482160821532,30.574107653469436,30.921126581899582,3134900
2022-06-08,31.78867530822754,32.13569078741079,31.30467416751155,31.50558043285032,3369000
2022-06-09,31.359472274780273,31.8160749558437,31.240754602295222,31.4964544725401,2572200
2022-06-10,29.861814498901367,30.893737480317963,29.83441597060059,30.638037623254334,4034300
2022-06-13,28.245441436767578,29.15864677650503,27.73404693421887,28.875553608890687,4770900
2022-06-14,28.85729217529297,29.313893152272406,28.281971774220796,28.32763309117954,3997800
2022-06-15,29.861814498901367,30.391471770158237,29.386947317042416,29.807020925901625,5095300
2022-06-16,27.871023178100586,29.067321504802997,27.514871964959646,28.94860559495648,4776800
2022-06-17,29.313888549804688,29.560454397266064,27.80710190456527,27.80710190456527,8644700
2022-06-21,29.35955238342285,30.245359173524854,29.003401124780716,30.007927323497984,3584600
2022-06-22,28.409818649291992,29.304759463341966,28.281968717427027,28.866421318721688,4194500
2022-06-23,29.304759979248047,29.37781459616992,28.482875508165627,28.674647796637764,3508800
2022-06-24,30.437137603759766,30.701964521783882,29.733969028891153,29.843552701301206,4001700
2022-06-27,29.724830627441406,30.75675355050893,29.49652931158763,30.583245804556643,2924500
2022-06-28,29.42347526550293,30.793283186860023,29.368681694552038,30.327546542781665,3027500
2022-06-29,28.501134872436523,29.423474121093378,28.199777211131135,29.359550032604474,3506200
2022-06-30,27.871023178100586,28.272832212812414,27.304835186569278,27.74317326541892,3399400
2022-07-01,28.144987106323242,28.437212524040152,27.44181860631638,27.825364902520043,3231900
2022-07-05,28.619855880737305,28.66551545163241,27.460084665271456,27.54227328632343,4471800
2022-07-06,27.98061180114746,28.893817165329047,27.615330003835027,28.592459464821165,3555000
2022-07-07,29.277360916137695,29.332151000410736,28.090193072534056,28.236305769931313,3120300
2022-07-08,29.05819320678711,29.249965489262884,28.364156949720677,29.140381825505564,2225400
2022-07-11,28.199777603149414,28.72943658316437,27.642723580144537,28.63811745079691,2786800
2022-07-12,28.54680061340332,28.902950157041413,27.99887703271322,27.99887703271322,3464100
2022-07-13,28.674646377563477,28.83902361200532,27.816232898701,28.071931012477304,3971500
2022-07-14,28.400684356689453,28.510268014110554,27.77970449196711,28.09019442432828,2110100
2022-07-15,28.126726150512695,28.994271993495197,27.79797338477498,28.720311065080253,2548500
2022-07-18,28.711181640625,29.48740667028241,28.537672106513046,28.711181640625,3383500
2022-07-19,30.117511749267578,30.482795279364503,29.122117787535487,29.231701453123794,3533500
2022-07-20,30.89373779296875,30.94852788292116,30.062717603604135,30.20883379974883,4674300
2022-07-21,31.076379776000977,31.149437882783616,29.907477936296907,30.5101933828446,2832400
2022-07-22,31.00331687927246,31.532974077693144,30.592373847290087,31.259013217572008,2472700
2022-07-25,31.140295028686523,31.240748155166365,30.52844923445663,31.18595807425102,2141400
2022-07-26,29.697439193725586,30.73849276317246,29.523931426685124,30.373209219969116,3011400
2022-07-27,30.802417755126953,30.89374038538062,29.706570577297985,30.126647709260556,3161300
2022-07-28,31.076379776000977,31.259021559355304,30.27276150300556,31.167702409479276,2778300
2022-07-29,30.711097717285156,31.103776306975607,30.345814174074768,30.994189153851263,2348200
2022-08-01,31.04898452758789,31.16770220854318,30.291022350814757,30.610646340524802,2575600
2022-08-02,30.13577651977539,30.683698335785074,30.03532337399983,30.683698335785074,2583500
2022-08-03,30.89373779296875,31.14030016495829,30.52845426981072,30.62890741285927,2118200
2022-08-04,30.93026351928711,31.05811170797687,30.482794858872953,30.701962187026293,2419700
2022-08-05,31.12204360961914,31.195098234618897,30.43713951768494,30.546723196985752,1962600
2022-08-08,31.42339324951172,32.099166683132054,31.286411065361136,31.432523769440987,2344900
2022-08-09,30.400604248046875,31.341204560580078,29.53305854557757,31.341204560580078,4580100
2022-08-10,31.450790405273438,31.770414361891582,31.067245837653925,31.441659884730925,3854200
2022-08-11,32.41878890991211,32.85712704615476,31.889128151367757,32.00784581855905,2620300
2022-08-12,32.592288970947266,32.847988769412446,32.04436730092379,32.610553491094855,2719100
2022-08-15,32.811466217041016,32.92104987599386,32.318334526350654,32.327468530031055,2845900
2022-08-16,33.91644287109375,34.172139229684575,32.765805773833435,32.765805773833435,4635500
2022-08-17,33.8890495300293,34.281728091073695,32.948449177742454,33.30459869041022,6224700
2022-08-18,34.30912780761719,34.42784548920681,33.22241459744188,33.72467688841023,6586000
2022-08-19,33.63335037231445,34.31825429642902,33.35938601578743,34.30912029329065,4768800
2022-08-22,32.33659744262695,33.021501373338,32.227013789121614,32.84799363165442,4007600
2022-08-23,33.09455871582031,33.49636775864806,32.42791583944485,32.42791583944485,3579800
2022-08-24,32.90279006958008,33.350262256828636,32.76581134715051,33.05803680198957,2965600
2022-08-25,33.57855987548828,33.98950296426345,32.84799631966677,32.875391364384505,2613600
2022-08-26,32.28180694580078,33.68814398674308,32.24528138022449,33.569426318714996,2273900
2022-08-29,32.071773529052734,32.345734459648305,31.459927566842712,31.779548071937167,2221800
2022-08-30,32.48271942138672,32.6744917407063,31.980457092101005,32.39140026464478,2764500
2022-08-31,31.715618133544922,32.72927652542307,31.65169404429149,32.53750425766277,3533300
2022-09-01,31.87999725341797,31.980450394959362,30.86633880128471,31.341205980824697,3621200
2022-09-02,31.532978057861328,32.50097693498058,31.40512987257425,32.190486992025484,4273800
2022-09-06,30.61977195739746,31.907391264272643,30.272756458808182,31.62429985666569,4026900
2022-09-07,31.487321853637695,31.514716900954326,30.51932287309167,30.51932287309167,3070300
2022-09-08,31.855804443359375,31.892650590116954,30.556880251740647,31.146464284164,3460100
2022-09-09,32.72175598144531,33.025756950658376,32.24272084997296,32.24272084997296,5036300
2022-09-12,33.51400375366211,34.06673466414879,33.15472831042802,33.16393896945925,5004200
2022-09-13,31.72683334350586,33.016543473104036,31.59786303338152,32.34405291732899,5231000
2022-09-14,31.08198356628418,31.87423030427541,30.9437990751654,31.87423030427541,5034700
2022-09-15,30.602949142456055,31.80053520732958,30.566099475431596,30.860889783271922,4830600
2022-09-16,29.985727310180664,30.510822726970257,29.644876700761216,30.114697621086542,6754400
2022-09-19,30.51082420349121,30.73191868587037,29.736998786430537,29.82912295166251,3049900
2022-09-20,29.84754753112793,30.556884269411004,29.54354305971157,30.123912996120726,2811500
2022-09-21,29.442211151123047,30.63058663385422,29.433000490854898,30.08706630940819,3323900
2022-09-22,28.51177978515625,29.497485598305804,28.29989770053008,29.40536318200168,4825400
2022-09-23,27.323402404785156,28.24462298959137,27.010187265383937,27.949832683587594,3398400
2022-09-26,26.374544143676758,27.535282272626006,26.35612106766585,27.129946486965352,3143800
2022-09-27,26.743032455444336,27.028610326018804,26.282422193251907,26.84436551830635,3277800
2022-09-28,27.54449462890625,27.75637493782282,26.862791619508084,26.9825512773053,3709600
2022-09-29,26.61406135559082,27.07467163454304,26.245573483846798,26.991761643764537,3111900
2022-09-30,26.19029998779297,26.87200297015117,25.361201860983737,26.12581483173173,3214800
2022-10-03,27.332611083984375,27.59055344501069,26.079750697697385,26.632483324417446,3750100
2022-10-04,28.963178634643555,28.990814130471726,27.986683449971466,28.170928288574615,4065500
2022-10-05,29.35009002685547,29.54354551702351,28.355171810203874,28.539414883160735,2995200
2022-10-06,29.48826789855957,29.75542269819432,29.11056937533546,29.221114856013557,3059300
2022-10-07,29.000024795532227,29.175057205918463,28.622324480601698,28.88947930472221,2925100
2022-10-10,28.686809539794922,29.31323984242571,27.83007408220216,29.193481934964595,2963900
2022-10-11,28.21698760986328,29.092147926274873,27.765589704237904,28.705235184726128,4849300
2022-10-12,28.751291275024414,29.036870898241446,27.949830415257086,28.25383311328757,2719200
2022-10-13,28.640745162963867,29.101355407775653,27.378672319060573,28.13407459650636,4267500
2022-10-14,27.885345458984375,29.239538985824787,27.83007096288491,28.981596608626695,3601000
2022-10-17,28.8986873626709,28.8986873626709,28.226195073812935,28.594684673166363,3891900
2022-10-18,28.82499122619629,30.179183015613056,28.60389675276517,29.76463658846804,3540600
2022-10-19,28.198562622070312,28.84341597624111,27.728739913653534,28.56705050403774,2519700
2022-10-20,28.07880210876465,29.39614778420877,27.968256626078983,28.355169329656352,3427100
2022-10-21,28.806570053100586,28.92632796409024,27.802439407313607,28.07880489857524,2458500
2022-10-24,27.95904541015625,28.834203921168235,27.59976818327956,28.778931177452147,4216300
2022-10-25,29.442211151123047,29.663305653515458,27.691892266320597,28.0603801751597,3418900
2022-10-26,29.165843963623047,29.967304899130408,28.871053653685223,29.175056380444712,2579400
2022-10-27,29.21190643310547,29.893611271195425,29.12899818980753,29.44221159927157,2033800
2022-10-28,29.423782348632812,29.617239561313756,28.797352146943826,29.101354832223645,2534000
2022-10-31,29.184267044067383,29.672512806662997,29.064507389668986,29.331662190181767,3908300
2022-11-01,29.626453399658203,30.216034002369398,29.11978278883937,29.856758542228363,3088100
2022-11-02,28.18014144897461,29.506697996361726,28.143291777447107,29.451425246159523,3825500
2022-11-03,27.6734676361084,28.06959101770581,26.927277685848246,27.949833112960334,3557000
2022-11-04,29.902822494506836,29.921247329848317,28.723661146076328,28.760509059670277,4799400
2022-11-07,29.48826789855957,30.123912319357938,28.686807013832794,29.99494200620391,3433200
2022-11-08,29.73699951171875,30.345004960368765,29.23954130695457,29.773849178710307,3544400
2022-11-09,28.760507583618164,30.151550952906277,28.62232483982693,29.414575147960417,4684600
2022-11-10,29.976518630981445,30.28051959616903,27.314189949802635,28.852628394556273,6779000
2022-11-11,32.58357238769531,32.9428478676929,29.976519857086075,29.976519857086075,4672100
2022-11-14,31.551803588867188,32.4269638073063,31.441258107708006,31.809744216297773,4425000
2022-11-15,32.22429275512695,32.64805334286622,31.588651873518057,32.28877790916653,3102600
2022-11-16,31.6439266204834,31.7452614500845,30.842465671913008,31.49653146311209,3113000
2022-11-17,32.14138412475586,32.24271894657062,30.888523626277863,31.22016358342527,4340100
2022-11-18,32.23351287841797,33.02575970489299,31.874233864217807,32.59278837844015,3461600
2022-11-21,31.837383270263672,32.169019714241664,31.40440848998541,31.892654253837925,2657500
2022-11-22,33.375816345214844,33.41266600646655,32.2795652793048,32.31641494055651,3322500
2022-11-23,34.04831314086914,34.07595214900375,33.22842735449034,33.22842735449034,3469500
2022-11-25,34.14965057373047,34.499715418635,33.91013474143455,33.96540573356082,2153600
2022-11-28,33.60612869262695,34.140438353289525,33.421883860875106,34.02988934573169,4067000
2022-11-29,34.31546401977539,34.76686361620645,34.17727953751474,34.26018952403566,4196600
2022-11-30,34.79450225830078,34.951108072480984,34.0298874784487,34.508922609046806,4572500
2022-12-01,35.448570251464844,35.57754058041892,34.822139927249715,34.932685421470644,4323900
2022-12-02,35.75257873535156,36.111854267218476,35.18141933754326,35.32881451764708,3159800
2022-12-05,34.22335433959961,35.35645550898115,34.13123015051667,35.227485158443514,3797200
2022-12-06,34.35231399536133,34.90504490106541,34.06673436938036,34.31546433120042,4577100
2022-12-07,33.854854583740234,34.50892031869018,33.78115525430379,34.19570519694018,3137900
2022-12-08,34.30068588256836,34.69078133735307,33.98489280546113,34.33783884295776,2956900
2022-12-09,33.79912567138672,34.29138991012238,33.49262265920625,33.892008056214664,2652400
2022-12-12,34.67220687866211,34.774372200597426,33.75269063643498,34.63505391990318,3441800
2022-12-13,35.62886428833008,36.08397552691294,35.17374950664688,35.75889607078232,5051200
2022-12-14,35.3502311706543,36.00039021023013,34.91369277856678,35.62887126520123,3008500
2022-12-15,34.64434051513672,34.67220700585872,33.81770666677436,34.3935633572457,3222100
2022-12-16,33.994178771972656,34.616478448450145,33.585506843028625,34.28210889608627,6775500
2022-12-19,33.381168365478516,34.003468028132275,33.1211047385731,34.003468028132275,3207400
2022-12-20,33.39046096801758,33.622661665231746,32.96321253548786,33.2697156133978,2725100
2022-12-21,34.51430892944336,34.7650860889862,34.11492347644193,34.14278642424629,2804500
2022-12-22,34.73721694946289,34.755789882621144,33.93844618583655,34.309965081711205,2650200
2022-12-23,34.755794525146484,34.85796338666697,34.35641263308621,34.700068632026976,2438500
2022-12-27,35.396671295166016,35.63815843705039,34.73722223165377,34.7650851787286,3134400
2022-12-28,34.2913932800293,35.57314197181023,33.9291608013545,35.31307835493623,3168900
2022-12-29,35.03443908691406,35.29450270993172,34.49573181854761,34.52359476584204,1621100
2022-12-30,35.36880874633789,35.40595816182225,34.62576374703241,34.690779653006466,2059800
2023-01-03,36.06541061401367,36.78058557651889,35.60100926308237,36.576251391417884,3707800
2023-01-04,36.82701873779297,37.087082291258284,36.186142776610325,36.418343390232984,3116800
2023-01-05,36.89203643798828,37.356437688041105,35.944657462708484,36.232583970157,3350300
2023-01-06,38.12734603881836,38.275954313162295,37.19854343839354,37.27284934711589,2692900
2023-01-09,38.3131103515625,38.78679815694464,37.30071529388202,38.25738091553477,3247900
2023-01-10,38.95398712158203,38.99114008293934,37.83942662567407,38.164506179796994,3643000
2023-01-11,39.33478927612305,39.6784487942523,38.74035617020329,39.00970977854218,4785400
2023-01-12,40.03139114379883,40.21715237474399,39.33478918508005,39.39980508444574,4446300
2023-01-13,40.29146194458008,40.477223192400444,39.72489173312345,39.73417820111897,2300100
2023-01-17,40.523658752441406,40.63511407325985,40.124273347816164,40.21715219131473,3218700
2023-01-18,40.63511657714844,40.95090962484346,40.384339432528776,40.718708958688325,4755600
2023-01-19,39.641300201416016,40.19858041376272,39.31622066806397,39.98495621425978,3825300
2023-01-20,40.597965240478516,40.70942411571399,39.57628368586115,39.8549237877476,3121700
2023-01-23,41.071651458740234,41.080937925629605,39.715596991347255,40.04068002208627,4383500
2023-01-24,40.45863723754883,41.24811792700587,40.29145250797671,40.99734083264768,2913900
2023-01-25,40.57009506225586,40.60724801404577,39.622716050216034,40.170709688265525,2486400
2023-01-26,40.92304611206055,41.303855057558096,40.44006830797325,41.15524677500054,2135900
2023-01-27,40.9787712097168,41.22026187863261,40.63511522729138,40.839452940512324,2136400
2023-01-30,40.9787712097168,41.32243073524309,40.45864400239203,40.5979622715965,3080400
2023-01-31,42.32553482055664,42.381264252891896,41.09951565398745,41.32242984022766,3348500
2023-02-01,43.300777435302734,43.542268102217335,42.04689530734893,42.14906416311273,4295100
2023-02-02,43.06857681274414,44.09954829539058,42.632041987455736,43.47725223612159,3828100
2023-02-03,42.827091217041016,43.75589387698777,42.176928646458094,42.232658081571245,2524800
2023-02-06,41.47104263305664,42.4555712431598,41.350297288064326,42.26980999157958,3199300
2023-02-07,42.00973892211914,42.13048424571831,41.062359895703715,41.35957642833202,4120600
2023-02-08,40.13356018066406,40.588675021396384,39.12116518766025,39.90135952670081,10591000
2023-02-09,41.526771545410156,43.25434528734784,41.33172381147563,42.93855219964846,6974300
2023-02-10,41.27598571777344,41.6846611239053,40.672266161688796,41.118090978568446,3796600
2023-02-13,41.99116897583008,42.04689841302687,40.90447152375099,41.35958286000423,4120200
2023-02-14,41.88900375366211,42.46486402544811,41.22026816467728,41.43389237784896,3306700
2023-02-15,42.139774322509766,42.31624908975863,41.26670112600264,41.46174882791899,2492700
2023-02-16,41.675376892089844,42.11191530258279,41.48032917199345,41.85185167578759,3287200
2023-02-17,40.969486236572266,41.67537470501553,40.80230147294868,41.489613462866984,3428800
2023-02-21,39.35336685180664,40.783723767281074,39.27906448304351,40.375051881331615,4110800
2023-02-22,39.87350082397461,39.99424616894926,39.279067653485825,39.43696241429014,2094000
2023-02-23,40.040679931640625,40.25430410062051,39.50197273265604,40.1985746701081,2233800
2023-02-24,39.566993713378906,39.715602004070334,39.074729414795016,39.33479303772973,2418200
2023-02-27,40.114986419677734,40.24502177090754,39.81776984592595,40.05926052653742,2695400
2023-02-28,40.412200927734375,40.867315776022636,40.2728826589039,40.375051515240095,2615500
2023-03-01,40.17071533203125,40.820877907297046,39.99424410088666,40.635116665349535,2305300
2023-03-02,40.7465705871582,40.85802945434098,39.827057963055935,39.99424272072923,1884300
2023-03-03,41.30385208129883,41.341001491935614,40.5236577683154,40.86731373263528,2200600
2023-03-06,40.4400634765625,41.25740716142981,40.15213341339984,41.13666538215882,3371500
2023-03-07,39.97566604614258,40.96019456637277,39.91993661282544,40.56080915201872,3172800
2023-03-08,40.05926513671875,40.32861525179723,39.55771078212884,40.01282570605704,3232900
2023-03-09,38.90882873535156,40.21826194683449,38.84335743156926,40.14343556084417,2739300
2023-03-10,38.68435287475586,39.31100773961178,38.09510763126466,39.0023578478237,3001300
2023-03-13,38.226051330566406,38.637589288734745,37.17850697579996,37.917401429858366,3523600
2023-03-14,38.805946350097656,39.329716760698844,38.441173083962546,39.03977344566414,3050600
2023-03-15,37.92675018310547,38.17928384780571,37.356211559292106,37.571332036351286,4689200
2023-03-16,38.49729537963867,38.712415893425806,37.346866422645626,37.48716411629394,2990400
2023-03-17,38.254112243652344,38.385054839394435,37.73968980621107,38.11381456654688,4627500
2023-03-20,37.99222946166992,38.87142171640933,37.73969574389916,38.609532915803335,3013700
2023-03-21,38.76853561401367,39.198776640806045,38.31958799024095,38.936891418918265,3583500
2023-03-22,38.07640075683594,39.282949342955625,38.05769416233198,38.637587888200436,3254100
2023-03-23,38.02963638305664,39.16135860093696,37.57133373354579,38.48793903256749,2837700
2023-03-24,37.64616012573242,37.99222320737426,37.44039115225549,37.57133374704332,2783600
2023-03-27,38.104469299316406,38.26347002937628,37.290748347385815,37.96417159921286,2724400
2023-03-28,39.030418395996094,39.18942267642996,38.36635030034002,38.403763491961904,3293900
2023-03-29,39.22683334350586,39.44195384917611,38.777885735856856,39.29230464662644,2657400
2023-03-30,39.348419189453125,40.03119380805047,39.180063413040855,39.59160134112327,2417500
2023-03-31,40.32114791870117,40.36791262769671,39.5729018710168,39.67578280363954,2837100
2023-04-03,40.115379333496094,40.50821074255201,39.67578321495983,40.19955723772817,2315300
2023-04-04,39.43260192871094,40.115376631304144,39.16136163690972,39.97508251231338,2185100
2023-04-05,37.87063217163086,39.273594530302645,37.73968602110389,39.03976747052401,3425200
2023-04-06,37.5339241027832,37.64616010283047,36.53314447989296,37.5339241027832,4601300
2023-04-10,38.21670150756836,38.226053021613964,37.328157820664416,37.402984204702726,2740800
2023-04-11,38.197998046875,38.497296471758126,37.86128642690182,38.42247364949667,2379900
2023-04-12,38.61888122558594,39.50742483940741,38.17928517531342,38.55340992889659,5255900
2023-04-13,39.21748733520508,39.339078444321835,38.60018384203227,38.95560208595568,2944100
2023-04-14,39.404541015625,40.0966671830855,39.030416255757935,39.47001231341402,1558800
2023-04-17,38.76853561401367,39.44195526571348,38.58147321212873,39.44195526571348,2292500
2023-04-18,39.39518737792969,39.52612997830618,38.787239080764806,39.152008772647385,2210800
2023-04-19,40.30244064331055,40.33049875465199,39.31101241686337,39.47936822074909,2851400
2023-04-20,39.554195404052734,40.685917777896044,39.5167822095657,40.33049956610641,2553400
2023-04-21,39.17071533203125,39.51677842812434,39.10524403190332,39.40454242332193,1735100
2023-04-24,39.208126068115234,39.34842375403991,38.74047187225746,39.189423040049086,2161200
2023-04-25,37.72098922729492,38.75917854716168,37.47780704691944,38.75917854716168,2311100
2023-04-26,37.46845245361328,38.038987529782,37.30944818444771,37.84257363956401,3017400
2023-04-27,38.20735168457031,38.469240496833145,37.32816295861636,37.78646570413717,3552100
2023-04-28,38.16992950439453,38.27281041090147,37.61809751532235,37.95480904328743,3751800
2023-05-01,38.010929107666016,38.50664136971232,37.48715873808292,38.23540467171452,2758600
2023-05-02,37.206565856933594,37.66486852861118,36.420906682570795,37.66486852861118,2469900
2023-05-03,36.43961715698242,37.234631497715405,36.42091055942085,36.90727139226583,2485200
2023-05-04,35.60719299316406,36.41155884429356,35.55107320078806,36.12161193556217,2736500
2023-05-05,36.44896697998047,36.58926108956925,35.710072538557846,36.38349568192207,2770200
2023-05-08,35.96261215209961,36.89792064204801,35.71942994667853,36.66409351956091,2869200
2023-05-09,35.81296157836914,35.98131738560917,34.95247594492916,35.27983604474859,4089000
2023-05-10,34.73735046386719,36.30866872825468,34.42870057331862,36.30866872825468,6581400
2023-05-11,37.60874938964844,38.49729307099265,36.14967058921466,36.710854194317136,10166200
2023-05-12,38.515995025634766,38.59081783227024,37.52456697030978,37.81451381982731,3798500
2023-05-15,40.26502990722656,40.53627022647794,39.09589429105902,39.28295670322957,6143000
2023-05-16,39.19877243041992,40.10602266296601,38.89012253319299,39.88154709123156,3857300
2023-05-17,40.63914489746094,40.80750067088282,39.35777357123256,39.41388978376126,4680900
2023-05-18,41.27516174316406,41.508988849124556,40.72332963038055,40.88233034983281,3312200
2023-05-19,40.21826171875,40.975862816972445,39.59160679526801,40.89168491716995,4675700
2023-05-22,39.4513053894043,40.208906416249704,39.41389220014618,39.825430146149266,4578500
2023-05-23,39.22683334350586,40.17149683353436,38.89012531370793,39.07718414095619,3199500
2023-05-24,38.263465881347656,39.27360064958252,38.10446516852458,39.27360064958252,3363900
2023-05-25,38.067047119140625,38.86205771764236,37.87063323968743,38.347638885204894,2933100
2023-05-26,38.99300765991211,39.18942514433703,38.04834770343968,38.10446749440659,2130900
2023-05-30,37.95481872558594,39.376484434012184,37.842579142353394,39.095892611768015,3237700
2023-05-31,37.43104553222656,37.664872650567865,36.37414595830663,37.55263663278127,5213000
2023-06-01,37.15979766845703,37.402979820156276,36.579907531810925,37.17850426227374,3532000
2023-06-02,39.65707778930664,39.675780817633786,38.04834619137276,38.19799539341881,3624800
2023-06-05,38.76853561401367,39.74125724948052,38.56276661514838,39.44195526571348,2699000
2023-06-06,39.479366302490234,39.86284259983756,38.45052850021741,38.534706398070156,2512500
2023-06-07,40.49885559082031,40.79815401248634,39.5261339364464,39.5261339364464,3002600
2023-06-08,40.06561279296875,40.39525320294691,39.783063356871615,40.206885714611815,2406200
2023-06-09,40.20688247680664,40.564780316541196,39.97142403355167,40.084446673137776,1616200
2023-06-12,40.68722152709961,40.95093384560361,40.12211908240562,40.40467210115805,2361900
2023-06-13,40.75314712524414,41.365336912039126,40.62129097402093,40.75314712524414,1997100
2023-06-14,41.120460510253906,41.751490977648636,40.696634613169465,41.01685822509876,2488300
2023-06-15,40.91325759887695,41.27115543679465,40.762564339671194,40.99802278173087,2291100
2023-06-16,40.847328186035156,41.3935934782894,40.64012720691336,41.20522601224274,3638200
2023-06-20,40.9415168762207,41.04511917018517,40.319906705244755,40.527107700362826,2567000
2023-06-21,40.706058502197266,41.0733731140082,40.52710777852773,40.80966079636155,2176400
2023-06-22,40.42350769042969,40.96977305572196,40.04677630077635,40.76256845608543,2691300
2023-06-23,40.41408920288086,40.64013090124696,39.45341827224401,39.83956999597747,3255600
2023-06-26,40.31048583984375,41.346505173433194,40.291648732744584,40.76256563179138,2546300
2023-06-27,40.87559127807617,41.13930361122148,40.150378769115505,40.51769340251392,1801200
2023-06-28,40.28223419189453,40.74373076637749,40.159794785418825,40.68722303478178,2109900
2023-06-29,40.3387451171875,40.875590118901165,40.11270341460813,40.39525284822411,1899000
2023-06-30,40.31048583984375,40.696637553349696,40.084447740275344,40.50827007516881,2925900
2023-07-03,40.998023986816406,41.02628144380544,40.366997068097376,40.366997068097376,1234200
2023-07-05,40.385833740234375,40.72489447796491,40.197466264516216,40.62129218667938,1892100
2023-07-06,39.90549850463867,40.14095696292652,39.104941183584344,39.848990774048595,2489900
2023-07-07,40.11270523071289,40.42350854391882,39.67004215589264,39.726553482298776,2208700
2023-07-10,40.87559127807617,41.25232266931074,40.150378769115505,40.15979552695166,2533500
2023-07-11,41.80800247192383,41.90218800910793,41.016861923631765,41.092210353379045,1974100
2023-07-12,41.647891998291016,42.45786964527528,41.629054891057564,42.26008181572944,1680100
2023-07-13,41.87392807006836,42.11880685942445,41.42184829680787,41.986950707991475,1875000
2023-07-14,41.120460510253906,41.79858194558901,40.7719830361225,41.73265387191038,1710700
2023-07-17,40.45176315307617,40.59303606991996,39.89608105741116,40.25397891380834,2418700
2023-07-18,40.83790969848633,40.85674680357359,40.02793214378593,40.395246710961594,2415900
2023-07-19,39.92433166503906,40.60245310756034,39.31214188970566,40.480013715369424,3027500
2023-07-20,39.387489318847656,39.97142527019896,39.30272413294095,39.858406219926955,2931000
2023-07-21,39.13319396972656,39.70771316695551,38.98250070429035,39.57585700880018,2162700
2023-07-24,39.60411071777344,39.66062203939414,38.841227636353544,39.11435670882652,1719400
2023-07-25,39.613525390625,39.8678209122579,39.22737373025141,39.8678209122579,2852400
2023-07-26,39.99968719482422,40.009103953060766,39.076690396759254,39.406330827207015,2430200
2023-07-27,39.52876281738281,40.70605498046607,39.330975003448806,40.235138115232765,2647300
2023-07-28,40.50827407836914,40.545948296290604,39.80189865999191,40.159796544623504,2389000
2023-07-31,40.64012908935547,40.92267850510779,40.09386377179833,40.92267850510779,3499400
2023-08-01,40.35757827758789,41.25232113684965,40.19746825064354,41.25232113684965,2960400
2023-08-02,39.58527374267578,40.075027753257174,39.30272431925098,39.72655025079361,2081500
2023-08-03,40.49885559082031,40.66838597141607,39.189707112850535,39.59469595618362,2460200
2023-08-04,39.63236999511719,40.71547676317472,39.56643832045969,40.1692150003307,2535000
2023-08-07,39.92433166503906,40.30106659817546,39.8395664847239,39.92433166503906,3082500
2023-08-08,39.1802864074707,39.42516521847357,38.699952728674276,39.37807424491486,2309500
2023-08-09,38.84122085571289,39.274463467406505,38.66227016489276,39.0578421615597,1854800
2023-08-10,32.653377532958984,36.82570173474099,32.32373712583394,35.968633083404896,34325300
2023-08-11,33.077205657958984,33.745910459435194,32.63454616678659,32.681637143360945,14145800
2023-08-14,33.48219299316406,33.84950762359061,32.97360184666066,33.39742780208016,7527700
2023-08-15,33.33149719238281,33.52928142564705,32.935928725854346,33.01127356065515,4522900
2023-08-16,32.333152770996094,33.53869876197406,32.28605821156502,33.3314941974708,6685800
2023-08-17,32.58744430541992,32.869997287262564,31.70212192836949,32.07885684228607,6026200
2023-08-18,32.57802963256836,33.2467307343611,32.54035542020551,32.813488070620224,4117700
2023-08-21,31.843402862548828,32.822907308348015,31.768054432127634,32.50268366467975,3620000
2023-08-22,31.231210708618164,31.79630958848404,31.089934192246165,31.50434339077146,3539900
2023-08-23,31.47608184814453,31.626778695556013,30.835638210698686,31.061676296194726,2980100
2023-08-24,31.165281295776367,32.01293317221344,31.09935321569914,31.35364877863026,3458300
2023-08-25,31.07109832763672,31.626780407712047,30.90156795793165,31.39132196010065,2270900
2023-08-28,31.26888084411621,31.43841120451093,31.014585303524136,31.287717950027915,3027000
2023-08-29,31.334814071655273,31.438416374802536,31.024007162213483,31.391325398684103,2733400
2023-08-30,31.47608184814453,31.862237130420564,31.32538859354364,31.32538859354364,3272300
2023-08-31,31.381900787353516,31.551431152613308,31.18411655882065,31.45724921316262,3689600
2023-09-01,31.73980140686035,31.815146246464025,31.42899451236631,31.59852489248833,2566300
2023-09-05,31.089927673339844,31.673867131947247,30.873306361718505,31.673867131947247,4202000
2023-09-06,30.703781127929688,31.08051609345962,30.67552726299876,30.892148610694655,2547600
2023-09-07,30.265836715698242,30.59905459438407,30.037341861883323,30.408644637406635,3645800
2023-09-08,30.361042022705078,30.44672714239993,29.885014387023148,30.44672714239993,3208800
2023-09-11,30.218231201171875,30.64665494271455,30.065902517614326,30.4467242265082,2976900
2023-09-12,30.008779525756836,30.541931730742668,29.9897379864571,30.037340018805306,2500800
2023-09-13,29.08528709411621,29.904055188317873,28.97104148128419,29.71364341239614,4515400
2023-09-14,29.542274475097656,29.63747854548776,29.132890435175746,29.370904242953486,3199700
2023-09-15,29.504192352294922,29.732685397273137,29.275699307316703,29.418507233440426,10620600
2023-09-18,28.91391944885254,29.48515116010624,28.894877907570393,29.48515116010624,2908000
2023-09-19,28.780628204345703,28.90439639701024,28.609257978133996,28.771107434456034,2784500
2023-09-20,28.571176528930664,29.151930777120796,28.552134989274983,28.837752636406712,2532800
2023-09-21,27.942819595336914,28.428367949817446,27.92377805612565,28.323641300056607,3290700
2023-09-22,27.447751998901367,28.21891622086683,27.409670734260487,28.114191381178482,3545700
2023-09-25,27.133575439453125,27.533438729091646,27.085973401884793,27.200219018409324,3895300
2023-09-26,26.790836334228516,27.257343226786062,26.695632254201552,26.81939864777746,3354500
2023-09-27,26.609947204589844,27.066933327254716,26.533782850812365,26.867000763650438,3359500
2023-09-28,26.809873580932617,26.914600231263968,26.5052162154972,26.667065667872407,2947200
2023-09-29,27.371585845947266,27.466791725113392,27.06692848533655,27.362065076440544,3511100
2023-10-02,27.209735870361328,27.438228886404193,27.047886423676665,27.24781894765234,4454200
2023-10-03,26.609947204589844,27.28590561737729,26.514741308392637,26.97172743105751,3487500
2023-10-04,26.505218505859375,26.68610951318069,26.25768392107792,26.562341312839315,2616200
2023-10-05,26.25768280029297,26.686108374108787,26.10535411091428,26.543298638902705,2330500
2023-10-06,26.838438034057617,27.038368765134372,26.05775301878429,26.0958342845555,3981000
2023-10-09,26.838438034057617,26.886040070246956,26.133917366227998,26.52425987386466,2739400
2023-10-10,26.32432746887207,27.114533258825652,26.05775315933191,26.89556098573158,6156400
2023-10-11,26.68610954284668,26.876519504958576,26.067272172254455,26.467135453361124,5457700
2023-10-12,26.076791763305664,26.809874714827814,25.772134384985087,26.809874714827814,2630100
2023-10-13,26.26720428466797,26.40049143752358,25.933984586627673,25.953026127293125,3553000
2023-10-16,26.971725463867188,27.00028777541358,26.19104044061215,26.581382952239668,2895500
2023-10-17,27.666723251342773,27.780970672884894,26.857475978464475,26.857475978464475,3002100
2023-10-18,27.228776931762695,27.6572006483711,27.162133363572572,27.4667907129566,2498800
2023-10-19,27.05740737915039,27.485832922116437,26.952680731780674,27.133571718355345,3066600
2023-10-20,26.771793365478516,27.20021712141848,26.600423136742048,27.143094317140058,2344200
2023-10-23,26.56233787536621,26.79083088961762,26.076789539119062,26.45761304543914,2889700
2023-10-24,26.581382751464844,26.99076680103113,26.381450203952834,26.733711446759095,3288900
2023-10-25,26.524259567260742,26.648025949463126,26.21960218100756,26.343368563209943,2555700
2023-10-26,26.657546997070312,26.90508157995126,26.305285755612463,26.571861879307626,2617900
2023-10-27,26.276723861694336,26.90508014790845,26.26720309179398,26.78131195510499,2879300
2023-10-30,26.714672088623047,26.819398756157632,26.457618529249462,26.70515131740159,3732700
2023-10-31,26.23863983154297,26.562338732823708,26.162475491000507,26.562338732823708,3939700
2023-11-01,25.315147399902344,26.27672335031054,24.743913928306238,26.15295515991579,5408700
2023-11-02,26.01966667175293,26.114872548084946,25.657886520772525,25.762611350426795,3829300
2023-11-03,26.600421905517578,26.933641577537202,26.552818057571276,26.571859596749796,2617700
2023-11-06,26.143436431884766,26.809875836776314,26.086313625034464,26.609945104849622,3197000
2023-11-07,26.152957916259766,26.200561769852232,25.72453412933559,25.72453412933559,4044700
2023-11-08,26.143436431884766,26.505218445706333,25.895903663566372,26.143436431884766,4159600
2023-11-09,26.924123764038086,28.171315662746636,26.905082222768932,27.609602906615798,7356700
2023-11-10,26.771793365478516,26.886038974035355,26.2291203691793,26.524258792403753,4479500
2023-11-13,27.143095016479492,27.190697051954437,26.571861511273887,26.724190203875214,3958600
2023-11-14,29.047203063964844,29.142408942864684,27.581037250250134,27.657201590189786,7793700
2023-11-15,29.399463653564453,30.389601929039745,29.294738816816963,29.41850519330079,5195100
2023-11-16,28.656862258911133,29.266177013811706,28.399806915724497,29.180491899416165,3553600
2023-11-17,28.93295669555664,29.018641808084347,28.704463667449815,28.9519982352075,2473500
2023-11-20,29.28521728515625,29.43754596728207,28.752066897715885,29.03768272272651,3776000
2023-11-21,28.91391944885254,29.132891725893213,28.761588934496718,29.066248147307036,2478500
2023-11-22,28.93295669555664,29.285217915492893,28.856792352854367,29.009121038258915,2335000
2023-11-24,29.113849639892578,29.113849639892578,28.847273514634168,29.018643751164483,1702000
2023-11-27,29.437545776367188,29.51371011693614,28.752066711246623,28.932955885159686,3641600
2023-11-28,29.532751083374023,29.751723331275954,29.209052188257655,29.456586744282,3706600
2023-11-29,30.15159034729004,30.408645704930052,29.942138842491495,29.961178567726773,4471500
2023-11-30,30.15159034729004,30.342002126853302,29.86597449384645,30.15159034729004,3767500
2023-12-01,31.132204055786133,31.18932504029408,30.09446379953319,30.180148908097276,3176900
2023-12-04,31.43686294555664,31.665354158335386,31.056039415188938,31.056039415188938,3919300
2023-12-05,30.865625381469727,31.322615037044475,30.656175723783555,31.179805315702104,3266900
2023-12-06,30.95131492614746,31.294055401074406,30.798986229713552,31.04652263129528,2846500
2023-12-07,31.894481658935547,31.971476739812104,31.057180346704396,31.143797977026757,3999100
2023-12-08,32.26982116699219,32.38531377995766,31.673124018646302,31.78861296028451,3590800
2023-12-11,32.548927307128906,32.722162579195576,32.25057685605236,32.25057685605236,3029100
2023-12-12,32.2986946105957,32.664410186840584,32.21207699067937,32.43343231461509,3273900
2023-12-13,33.232234954833984,33.32847879136796,32.0388407524285,32.26019606946618,4022900
2023-12-14,35.13782501220703,35.465046771039894,33.742324015826036,33.742324015826036,7167600
2023-12-15,34.723995208740234,35.4169327144954,34.723995208740234,35.080088348595545,7987300
2023-12-18,34.502628326416016,34.74323243935149,34.24277911521382,34.74323243935149,3548000
2023-12-19,35.5131721496582,35.54204347132204,34.67586710812929,34.752862194336544,3170700
2023-12-20,35.19557189941406,35.8692641987653,35.147451807602046,35.349558396009115,3652500
2023-12-21,36.13874053955078,36.1772380824791,35.570914631005216,35.657532266930055,3470100
2023-12-22,35.657527923583984,36.177233675829086,35.12819962244277,35.21481724781696,3743000
2023-12-26,36.19648361206055,36.206106161266916,35.753772922018854,35.88851063887263,2475100
2023-12-27,35.99437713623047,36.53332800513469,35.98475091567007,36.26385257068258,3385300
2023-12-28,35.68640899658203,36.02325333527903,35.63828522991565,35.99438201234155,3525900
2023-12-29,35.42655944824219,35.75378126754932,35.23407537723888,35.54204842231285,4316500
2024-01-02,36.73543930053711,37.033789763673376,35.32068941657694,35.42655582837781,4557800
2024-01-03,35.46504592895508,36.31197346194138,35.36880574918897,36.26385337205833,4565200
2024-01-04,35.5131721496582,35.705652522520786,35.33993687701965,35.55166602143405,4147700
2024-01-05,35.92700958251953,36.388969060356565,35.36880625222005,35.407303793205024,3550300
2024-01-08,36.658443450927734,36.90867011748272,35.85001347011762,35.88851100999607,3209400
2024-01-09,36.0521240234375,36.408220799593515,35.77302233552967,36.15799043411481,2577900
2024-01-10,36.080997467041016,36.254229065501086,35.68640683504165,36.07137124575963,2221500
2024-01-11,36.25422668457031,36.263852905219515,35.59978686219613,36.03287133689585,2322100
2024-01-12,34.97420883178711,36.571819758599155,34.96458628407656,36.36971321473587,3908200
2024-01-16,35.099334716796875,35.10895726745094,34.15616688559499,34.656620288822126,2958800
2024-01-17,34.493011474609375,34.926099683693344,34.36789628724556,34.906850910919836,2787900
2024-01-18,34.48339080810547,34.80098639790222,33.93480993240523,34.743240076426346,2382100
2024-01-19,35.262939453125,35.33993453422802,34.18503401697548,34.53150453928399,3246400
2024-01-22,36.042503356933594,36.11949477787807,35.320690887854795,35.320690887854795,2953400
2024-01-23,36.24460220336914,36.783556719845805,36.052118185246954,36.43708622149133,3831800
2024-01-24,36.12911605834961,36.94716860954811,36.10024106703288,36.54295544438957,2493200
2024-01-25,36.82205581665039,36.92792222522133,36.302353666626935,36.45634016873163,3325600
2024-01-26,37.50537109375,38.59289906390166,37.428376013742366,37.72672644178071,3756900
2024-01-29,38.15981674194336,38.2079368339999,37.34176049167132,37.438004347112106,2822100
2024-01-30,37.976951599121094,38.111689312449556,37.717098721418765,37.7267249417007,2430300
2024-01-31,37.33213424682617,38.21755560128024,37.25513917009417,37.909582637006885,3230900
2024-02-01,38.515907287597656,38.57365359705221,37.543864604080355,37.57273959447135,3606700
2024-02-02,38.50627899169922,38.78538063202931,37.64972897325544,38.284923657711396,3238000
2024-02-05,38.85274887084961,39.122227958178705,38.24642918484533,38.92974394475141,4564400
2024-02-06,39.45907974243164,39.66118634292052,38.977871452889794,38.977871452889794,4403600
2024-02-07,38.83350372314453,39.66118248812425,38.612148372028855,39.6226849475839,5342200
2024-02-08,41.37428665161133,42.62542735831104,40.64284806094975,40.64284806094975,9212200
2024-02-09,40.42149353027344,41.27804363909776,39.70930369554637,41.27804363909776,6465100
2024-02-12,41.807369232177734,41.92286184943914,40.421490866987455,40.536979812921466,4410300
2024-02-13,41.0855598449707,41.10480861589622,40.238635952213926,40.45036508973929,4109300
2024-02-14,42.5869255065918,42.73128943446705,41.16254968161985,41.480145183087345,5219900
2024-02-15,43.7514533996582,43.847697252874426,42.73129425485949,42.96227215992321,4463500
2024-02-16,44.18454360961914,44.377027653649336,43.481979969537555,43.481979969537555,2999000
2024-02-20,44.99296569824219,45.08920586756854,43.9246829306149,43.9246829306149,3887000
2024-02-21,45.1950798034668,45.52230157367508,44.81973794056006,44.85823548324992,3820900
2024-02-22,46.003509521484375,46.128624698687254,45.329817214435884,45.512678705269565,3144700
2024-02-23,46.725318908691406,46.96592302631734,45.87839138667641,46.128621724950776,3518100
2024-02-26,45.83026885986328,46.629076250132776,45.66665983081663,46.45584100094969,3295900
2024-02-27,45.743656158447266,46.292233282792075,45.37794052310252,46.12862423613695,3779900
2024-02-28,45.926513671875,46.19598910013436,45.2047013421854,45.3490616053269,3149500
2024-02-29,45.743656158447266,45.97463773932661,44.877483490637,45.32019421005076,4863000
2024-03-01,45.4453125,46.25374258148139,45.42606372766378,45.96501466776609,3012500
2024-03-04,45.5030517578125,46.59058345020642,45.49342920802479,46.46546827500026,3972700
2024-03-05,45.98426055908203,46.292233554510396,44.90635507508276,45.2816969338031,3651100
2024-03-06,45.22394943237305,46.42696996378901,44.96409655702792,46.032379376337666,3954900
2024-03-07,45.50514221191406,45.960873561771095,45.29182052493793,45.582711380619436,2569900
2024-03-08,45.65059280395508,46.07723251000841,45.427572642898234,45.66998232338089,2446100
2024-03-11,45.30152130126953,45.6118053897266,44.874877905482485,45.514839300284955,2349800
2024-03-12,45.79603958129883,45.90270043995758,45.22395254757518,45.33061340623392,2569400
2024-03-13,46.348731994628906,46.8335513746959,45.96087870990231,45.96087870990231,3016400
2024-03-14,45.912391662597656,46.30024862803824,45.582714351636604,46.10632014531795,2486800
2024-03-15,45.41788101196289,46.51357387891121,45.41788101196289,45.7281651284455,11142500
2024-03-18,45.27243423461914,45.747558874064964,44.894275694488016,45.66998599461321,3244700
2024-03-19,45.11729049682617,45.922092446257,44.83609806646639,45.126988955836225,3734800
2024-03-20,45.96088409423828,46.077239723399536,44.729442280738816,45.03972642442134,2909400
2024-03-21,46.62992858886719,46.707497767036486,45.88330629223609,46.251770060455755,3245000
2024-03-22,45.524539947509766,46.16450137308188,45.524539947509766,45.99966086254452,2370800
2024-03-25,44.16704177856445,45.71846590852454,44.10886582419768,45.52453742991977,3191700
2024-03-26,44.03129959106445,44.583993434137675,43.982818388824086,44.55490545256918,2940100
2024-03-27,45.26274108886719,45.28213430942198,44.351281916063755,44.351281916063755,3502700
2024-03-28,46.0384521484375,46.17420099560012,45.350009452753575,45.51484628177141,3051700
2024-04-01,46.63962173461914,46.86264189897209,45.776643851167066,46.62023221490676,3181700
2024-04-02,44.70034408569336,44.88457781213803,43.992508254881336,44.88457781213803,4362200
2024-04-03,43.798580169677734,45.00093383641314,43.44951332986254,44.622775319121324,3964700
2024-04-04,41.72355270385742,44.57429289194458,41.58780387563959,44.32218475478733,6092800
2024-04-05,41.62659454345703,42.033841069508725,41.345398399919326,41.907790686994744,3912000
2024-04-08,41.83021545410156,42.140499560942686,41.44236216998931,41.73325305779308,4298100
2024-04-09,41.39387893676758,41.8399155947985,40.97693395790119,41.8399155947985,3316300
2024-04-10,40.18183135986328,40.72483043053334,39.92002843465871,40.67634922932032,4974200
2024-04-11,40.55029296875,40.724828242843884,39.764884235327514,40.49211331109259,4535600
2024-04-12,39.89093780517578,40.705434507663654,39.803670169235,40.259401567912235,3801600
2024-04-15,39.59035110473633,41.03511074045783,39.35763618212764,40.64725376906942,3084400
2024-04-16,39.61943817138672,39.70670580299728,38.76615507329217,39.29945562252197,4288000
2024-04-17,39.26066970825195,40.288484287514734,38.99886683460639,40.09455582197604,4344200
2024-04-18,39.27036666870117,39.823060422202275,38.87281495655339,39.600043968936745,3814500
2024-04-19,39.38672637939453,39.83276303128406,39.17340836210311,39.25097754142406,3467500
2024-04-22,39.08613967895508,39.63883347527985,38.8437299893783,39.61944025624832,3854600
2024-04-23,38.2425537109375,38.91160686370021,37.55411103679718,38.65949869924863,6548300
2024-04-24,38.81463623046875,38.85342266645242,37.84499752414575,38.19406805024253,4829300
2024-04-25,38.19406509399414,38.69827762612106,37.76742542783036,38.640097976648704,4311000
2024-04-26,38.83402633666992,39.154008859577644,38.20376344739014,38.339512263577234,3329600
2024-04-29,39.73579406738281,39.764882045170246,38.96008383573339,39.086137904275844,4161300
2024-04-30,38.707977294921875,39.50308447638977,38.68858777484942,39.318850745796716,5029500
2024-05-01,38.29103469848633,38.85342323293669,37.97105214527288,38.59162033454701,3506500
2024-05-02,37.61228942871094,38.88251387217079,37.54441500954339,38.814639453003245,3740100
2024-05-03,38.04862594604492,38.562533296777616,37.84499899863615,37.90317865487841,3309900
2024-05-06,38.28133773803711,38.73706913812939,38.14558890368068,38.465567770538215,3384900
2024-05-07,37.806217193603516,38.9019063383026,37.68985787824563,38.562534249037995,5292400
2024-05-08,37.79651641845703,37.854696072570846,37.350483500218864,37.43775113195052,4493300
2024-05-09,39.14431381225586,39.231581444390194,36.36145174133801,36.46811259159977,5359000
2024-05-10,38.85342788696289,39.36733528672385,37.806219866843385,39.00856995286499,3602100
2024-05-13,40.09455490112305,40.336964552759525,39.25097034911386,39.25097034911386,4497300
2024-05-14,40.83148956298828,41.08359401794447,40.49211377111532,40.53090020999424,2871200
2024-05-15,41.374481201171875,41.47144728967292,40.95753996669062,41.23873237614848,3603300
2024-05-16,41.229042053222656,41.684773471021764,41.12238119383321,41.34539767306639,2593100
2024-05-17,41.03511428833008,41.461754034641785,40.89936544627083,41.23873755141895,3817800
2024-05-20,41.17085647583008,41.46174733306505,40.86057240159572,41.0835888487718,2269500
2024-05-21,41.0641975402832,41.32600043362568,40.84118108274215,40.976929909169044,2443800
2024-05-22,40.220611572265625,40.938145815295975,40.13334394404407,40.792698535300715,2462900
2024-05-23,40.10425567626953,40.66664417715136,39.726097189682484,40.05577448291595,2095200
2024-05-24,41.01571273803711,41.11267881901345,40.38544985664089,40.618161053228555,2294700
2024-05-28,40.15273666381836,41.32599855179994,39.929720216432614,41.3163037927301,2538000
2024-05-29,40.2593994140625,40.54059552581437,39.69700719055875,39.79397328023773,2113000
2024-05-30,41.0641975402832,41.23873280251152,39.97820322998998,40.269094100744475,2759000
2024-05-31,42.16958999633789,42.19867797459764,40.95754158380537,41.17085958917391,3049800
2024-06-03,42.935604095458984,43.13923105088415,42.256859906969794,42.46048316351655,2274800
2024-06-04,41.752647399902344,42.84833656339789,41.70416250156563,42.84833656339789,2019800
2024-06-05,42.17928695678711,42.28594781447539,41.42296989154788,41.79142996498943,1828800
2024-06-06,42.22776412963867,42.72228193197252,42.07262208748802,42.421692607046495,3526400
2024-06-07,42.403717041015625,42.81426298557974,42.02249474139295,42.042041352123235,1938500
2024-06-10,43.19548034667969,43.27368169604412,42.12023789483773,42.130011199085494,2412400
2024-06-11,42.05181884765625,43.2932374580245,41.74879417416846,42.96088913927358,1950700
2024-06-12,41.866092681884766,43.195482115920356,41.748790653033545,42.569886210763435,1530300
2024-06-13,41.406673431396484,41.97361838201343,41.35779944530218,41.67059743092107,1709900
2024-06-14,40.869049072265625,41.211170678202976,40.50737339873661,40.80062475107815,1600300
2024-06-17,40.97657012939453,41.230720802925156,40.48782284982344,40.74197352335406,2356000
2024-06-18,40.08705139160156,41.103646657497166,39.93065240675962,40.908146994233256,4178800
2024-06-20,40.380306243896484,40.75175153449815,40.057731212280764,40.175029528847276,1880600
2024-06-21,40.70287322998047,40.7615242464667,40.087050607835536,40.29232730111442,5368800
2024-06-24,41.768341064453125,41.80744174080546,40.56602323296177,40.84949754324761,2263000
2024-06-25,40.92770004272461,42.032270043765614,40.869052750055324,42.032270043765614,2038300
2024-06-26,40.76152420043945,41.015671147234436,40.262999882984055,40.82017148801361,2390500
2024-06-27,40.67354965209961,40.820171600284105,40.06750406280947,40.429176009612924,1989400
2024-06-28,41.82699203491211,41.8563156777226,40.087049227523686,40.52692251390969,3510000
2024-07-01,41.04500198364258,41.885644250195725,40.517153977855166,41.78789627675932,1907000
2024-07-02,39.62763214111328,41.1231976920037,39.51033010386408,40.79084937748961,2427300
2024-07-03,39.28550720214844,39.8817795134233,39.2170828774624,39.78403154354212,1249200
2024-07-05,39.236629486083984,39.57875480582649,38.6990082451694,39.109554154245586,2836100
2024-07-08,40.966796875,40.966796875,39.42235740865115,39.56897935539575,2467300
2024-07-09,40.62467956542969,41.37735090393418,40.37052886471585,40.95702790023886,1868500
2024-07-10,41.39689254760742,41.426219919613914,40.624674689890895,40.97656959435684,1414200
2024-07-11,42.50146484375,42.87291383655411,42.012717542793105,42.012717542793105,3022200
2024-07-12,42.912017822265625,43.62558848918746,42.853366799246714,43.175938103735035,2667700
2024-07-15,41.52397155761719,42.736066543090494,41.35779925987237,42.57966755098227,2138200
2024-07-16,41.993167877197266,42.345066536148835,41.53374794254031,41.993167877197266,2625900
2024-07-17,41.63149642944336,42.452592067572155,41.63149642944336,41.699920755216915,1979800
2024-07-18,40.751747131347656,42.40371533504592,40.546474167324064,41.60217008889544,1616600
2024-07-19,40.30210494995117,40.81040262774633,40.057731281521555,40.67355397004115,1586100
2024-07-22,40.84950256347656,40.888603244634204,39.68628153653693,40.47805355017134,1920600
2024-07-23,40.23367691040039,40.781075219581574,39.64718165179948,40.497600895424576,2394700
2024-07-24,38.94338607788086,40.292329706838366,38.84563810674678,40.0772796957281,2131200
2024-07-25,38.757659912109375,39.617852420533445,38.4741856012478,38.94338253189158,1978400
2024-07-26,39.901329040527344,40.08705167105751,39.12910741611682,39.30505674139633,2380000
2024-07-29,39.451683044433594,39.891556364571436,39.256183376722774,39.803581700543866,3124700
2024-07-30,38.87495803833008,39.80357859077071,38.405761109789125,39.54942792394912,3769900
2024-07-31,39.18775939941406,39.969754348337,38.8163104003584,38.8163104003584,3513900
2024-08-01,38.268917083740234,39.490785397667494,37.98544273998603,39.373483354761234,2459100
2024-08-02,37.271873474121094,37.67264614679567,36.62672712959991,37.67264614679567,3279600
2024-08-05,36.03044891357422,36.41167118303633,34.43713178819945,34.98453006648996,4346200
2024-08-06,36.24549865722656,36.63649422862876,35.58080208411258,36.10864629194783,2631500
2024-08-07,35.47328186035156,36.900423159132686,35.4244078734597,36.900423159132686,2444500
2024-08-08,37.07637023925781,37.14479456251266,35.86427530231518,35.932699625570024,3175000
2024-08-09,37.36962127685547,37.78017098264113,36.60717661748447,36.88087393544405,3299400
2024-08-12,36.64627456665039,37.53579451252514,36.29437591046328,37.36961848983855,2940100
2024-08-13,37.36962127685547,37.51624697081741,36.62672695860248,36.78312595870029,2840900
2024-08-14,37.10569763183594,37.46737335282502,36.9395253239596,37.46737335282502,3827300
2024-08-15,38.31779098510742,40.585578272393214,37.23277132814343,39.823133639433074,7174500
2024-08-16,39.490787506103516,39.75470779461803,38.22004140869636,38.26891912694,4707200
2024-08-19,39.66673278808594,40.057728392062124,39.10955743371823,39.6960564329515,2434400
2024-08-20,39.47123336791992,39.79380464999152,39.24641005524068,39.58853167695995,2630300
2024-08-21,40.223907470703125,40.673554127430464,39.63740842689479,39.63740842689479,3301400
2024-08-22,39.26595687866211,40.3509764974842,39.197532553947745,40.22390488235526,2199000
2024-08-23,40.72242736816406,40.78107839012237,39.520109384365384,39.774256355158954,2505400
2024-08-26,39.75470733642578,41.054777066718096,39.520110698484196,41.03522672541524,2243900
2024-08-27,39.35393142700195,39.6374057593227,39.03136014413554,39.52988075541855,1962800
2024-08-28,39.784027099609375,39.85245141665231,38.51328498886763,39.05090622085311,2526800
2024-08-29,39.60808181762695,39.911106487374575,39.207309178978036,39.76448080517663,1928300
2024-08-30,40.04795455932617,40.14570252682147,39.39303124480068,39.891555574026135,2806200
2024-09-03,40.63444900512695,40.82017163117286,40.04795375425344,40.067504093128676,3987200
2024-09-04,40.26300048828125,41.00589845871964,39.891555231907965,40.39985286198531,3695600
2024-09-05,40.429176330566406,40.575798279914885,40.106601330077154,40.526924296798725,3339500
2024-09-06,39.78838348388672,40.87280272219552,39.512350316463355,40.42917530264379,2294200
2024-09-09,40.7052116394043,41.48402379122895,39.67008351593434,39.89682558026244,4326300
2024-09-10,40.586910247802734,40.586910247802734,39.7489502450271,40.46861085273711,1998400
2024-09-11,41.158695220947266,41.178412412453234,39.83767347540504,40.478469037005055,2416600
2024-09-12,41.44458770751953,41.72062085960925,40.79393544854401,41.247419558597024,2249800
2024-09-13,42.15439224243164,42.83462224021036,41.71076856121775,41.71076856121775,1949400
2024-09-16,42.647308349609375,42.834619792518,42.15438983360956,42.34170127651818,2124500
2024-09-17,42.66702651977539,43.08108003825674,42.53887041035942,42.87405515935102,1655800
2024-09-18,42.51914978027344,43.43597846778075,42.400846635603735,42.834617311386744,2115400
2024-09-19,42.21354293823242,43.514847566748124,41.87835818478626,43.3669742629945,2327500
2024-09-20,41.96708679199219,42.252980465446285,41.464311504771395,42.01637789690869,4674400
2024-09-23,43.4951286315918,43.643005690091066,42.34170111370882,42.60787756260562,3743600
2024-09-24,44.75700378417969,45.17105354200004,44.16549929500357,44.54997514459959,2736300
2024-09-25,45.08232879638672,45.1217631817795,44.32323380059061,44.56969306829051,2864600
2024-09-26,46.34419631958008,46.68924153048089,45.42737135744187,45.42737135744187,4356000
2024-09-27,47.26102828979492,47.30046267557945,46.29490840209402,46.69910145471042,2592700
2024-09-30,46.31462478637695,47.172301978531166,45.98930051100947,46.955420381842835,2920900
2024-10-01,45.654117584228516,46.166753328961775,44.69785439110396,46.166753328961775,2775100
2024-10-02,45.17105484008789,45.77241606239689,44.94431276228893,44.95416947842366,1732400
2024-10-03,45.102046966552734,45.31893233024347,44.57955451111966,44.816153307264045,1697600
2024-10-04,45.84142303466797,46.009013528812936,45.2400618297103,45.65411534815243,2201000
2024-10-07,45.03303909301758,45.76255644208176,44.786579817666414,45.67383471319863,2647300
2024-10-08,44.61898422241211,44.895021159817716,44.392242147140706,44.81615238893898,2066500
2024-10-09,44.175357818603516,44.88515790929785,44.15564062710232,44.6091247496206,1853700
2024-10-10,43.78102493286133,44.35281224909097,43.76130773981858,44.21479189779171,1853800
2024-10-11,44.62884521484375,44.80629619070158,43.94861898116875,43.94861898116875,2726300
2024-10-14,44.944313049316406,45.161198412365735,44.42182059542853,44.42182059542853,1810000
2024-10-15,44.559837341308594,45.29921516081924,44.47111185254052,44.86544443321082,2976100
2024-10-16,44.81615447998047,45.21049083143323,44.56969520049003,44.79643728634081,1689100
2024-10-17,44.54011917114258,45.32878807585301,44.4908280697238,44.91473831113127,2357700
2024-10-18,44.51054382324219,44.74714260667025,44.096490311238284,44.73728589097319,2533000
2024-10-21,43.879608154296875,44.83587135534605,43.73173484405441,44.520403780691296,2512900
2024-10-22,43.307823181152344,43.61343402948234,43.16980659180009,43.55428245090137,1935000
2024-10-23,42.92334747314453,43.248671754810005,42.46000284097095,42.97263857513384,1993300
2024-10-24,43.840171813964844,43.86974572002473,42.96277750127149,43.20923674688961,2901900
2024-10-25,49.7749137878418,50.8593330272154,47.81309642419553,49.09468382363793,17253300
2024-10-28,49.75519943237305,51.224094599255906,49.70590456904309,50.11995810486026,5441800
2024-10-29,48.33559036254883,49.153836936174386,47.734229147844744,48.99610315532331,5148900
2024-10-30,47.714515686035156,48.72992666458812,47.42862203321171,47.9018233754695,4115300
2024-10-31,46.77796936035156,47.72437203764091,46.65966996585788,47.635646551603166,3354200
2024-11-01,46.30476760864258,46.994850537591425,46.10759944579866,46.906128813015066,2655500
2024-11-04,47.872249603271484,48.039840100505806,46.55122777545101,46.55122777545101,4179800
2024-11-05,48.72006607055664,48.87780361159925,47.566638506707285,47.566638506707285,3086900
2024-11-06,49.05524826049805,50.25797062340866,48.59190742024263,49.824203690218326,6399400
2024-11-07,50.81990051269531,51.75644648697457,50.5241501420466,51.26352794900338,6991700
2024-11-08,51.480411529541016,51.53955934522413,49.656610745691104,49.903070006157044,3566400
2024-11-11,50.79032897949219,52.0127649048636,50.61287799666889,51.75644890782449,3731900
2024-11-12,50.44527816772461,50.67202399018327,49.13411689552449,49.21298190104379,4647900
2024-11-13,50.53400802612305,50.99735266593982,50.425569104225794,50.74103667496528,2115400
2024-11-14,57.0010986328125,57.66161142000314,54.37877219791325,54.48721487645724,9954100
2024-11-15,56.41945266723633,57.454580794613854,55.62092332062919,57.17854763015847,4444900
2024-11-18,55.74908447265625,56.47860554496984,55.39418253264801,56.00540421184882,3249400
2024-11-19,54.83225631713867,55.32517484797404,54.29004668535376,54.664665821776225,3109200
2024-11-20,54.51678466796875,55.108289116993724,54.21117760860869,54.62522733832348,2897900
2024-11-21,55.61106872558594,55.82795408345384,54.201321420784495,54.536506173548545,2504000
2024-11-22,58.08551788330078,58.84461287226083,57.0208158119738,57.208123499897724,6946300
2024-11-25,59.988182067871094,60.42195277004476,58.8939061181226,59.04177941695193,6836000
2024-11-26,60.19520950317383,60.569824861275194,59.69243051943656,59.81072990827543,12773600
2024-11-27,60.057193756103516,60.717706562374545,59.5938528807627,60.234644733270656,5348500
2024-11-29,61.39793014526367,61.75283208424645,60.48110138978146,60.48110138978146,2410600
2024-12-02,63.66536331176758,63.68507674486981,61.47680369174188,61.82184518108369,8105900
2024-12-03,63.40903854370117,64.37516215886903,62.77810343551229,64.07940803631934,10637300
2024-12-04,62.92597961425781,63.39917717809305,62.15702417135096,63.142864964907155,3507700
2024-12-05,62.66965866088867,63.389322990288626,62.354191117354056,62.83725290876817,4681500
2024-12-06,61.708106994628906,63.46269562483735,61.49002090842654,63.18513804678964,9557600
2024-12-09,61.72793197631836,63.036440901513195,61.16289420323376,62.20375305989013,5786900
2024-12-10,60.8555908203125,61.87662331553161,60.558203118757305,61.87662331553161,4154700
2024-12-11,61.75767135620117,62.064974135753836,60.81594044730488,61.212459918889614,4272300
2024-12-12,60.9547233581543,62.22357958455018,60.8357652508123,61.7081057972044,2698100
2024-12-13,62.649837493896484,62.77870688777517,60.95472414795258,61.28184949365707,3724500
2024-12-16,63.6411247253418,64.58285934666532,63.06617569334711,63.313999399540776,7097100
2024-12-17,63.2545280456543,64.70181389036493,63.04635324563348,63.84930724622964,4778400
2024-12-18,61.539588928222656,63.839392783280935,61.49002115825534,63.07609525996134,5271800
2024-12-19,62.11453628540039,64.1566050750725,61.88653891951061,63.57173717012983,4933600
2024-12-20,63.59156799316406,64.05747779631747,61.58915188403457,61.95592993040541,11658700
2024-12-23,64.16651916503906,64.3647751104554,63.33382755573547,63.52217599796666,4898600
2024-12-24,64.71172332763672,64.71172332763672,64.07729526073669,64.16651572547717,1402900
2024-12-26,65.60389709472656,65.7228552059618,64.49364407880398,64.51347421216649,2834900
2024-12-27,65.29660034179688,65.8913757924842,64.96947119687579,65.1379895213575,2054900
2024-12-30,65.24703216552734,65.8021549076664,64.11695654732702,64.78112233709771,2476000
2024-12-31,64.76129150390625,65.89136697793147,64.65224847018635,65.42545720894263,2601100
